4.851469240758660249e+06 1.725759692938478196e+00 2.083366897985988064e+00 4.930964497455534584e-02 1.633112582781456879e-01
1.102390359181510285e+06 8.756226552564898569e-01 1.128321832338841979e+00 2.513472170844122805e-02 8.324503311258278637e-02
7.274682961749645183e+05 7.894976032131101329e-01 1.000414439386837939e+00 1.820617670289239112e-02 6.029801324503310939e-02
6.679345485111094313e+05 7.631846692485833028e-01 9.610442399634000488e-01 1.661151158256765972e-02 5.501655629139072523e-02
6.467717222493018489e+05 7.516959980315284229e-01 9.442346061285004089e-01 1.582167744773597604e-02 5.240066225165562752e-02
6.366376537081128918e+05 7.454607988742694147e-01 9.353460788496039680e-01 1.521680447106107774e-02 5.039735099337748492e-02
6.308291470062602311e+05 7.414003368338799582e-01 9.296943256344500917e-01 1.536177402745423498e-02 5.087748344370861264e-02
6.270060932909522671e+05 7.382461872878097742e-01 9.254415566758072975e-01 1.564171523979964243e-02 5.180463576158940431e-02
6.241817256505389232e+05 7.354467763006909964e-01 9.217981303914893898e-01 1.597164595434958506e-02 5.289735099337748020e-02
6.219047159872398479e+05 7.328001932808652086e-01 9.184515427085802042e-01 1.646154307595405070e-02 5.451986754966887255e-02
6.199726076418103185e+05 7.302722542889109603e-01 9.153292653107550914e-01 1.665150318433129134e-02 5.514900662251655955e-02
6.183008971444220515e+05 7.279138294489579941e-01 9.124578760122299403e-01 1.627658191779726357e-02 5.390728476821191745e-02
6.168508556061189156e+05 7.257693168633644332e-01 9.098725396160280976e-01 1.664650423411083782e-02 5.513245033112582766e-02
6.155936025084505090e+05 7.238540173694320012e-01 9.075775580267687603e-01 1.703142340108577263e-02 5.640728476821191967e-02
6.144991773191177053e+05 7.221579297257834096e-01 9.055458055814067375e-01 1.743633836894252151e-02 5.774834437086092537e-02
6.135373404139245395e+05 7.206495595613245930e-01 9.037334120605209353e-01 1.780626068525609576e-02 5.897350993377483558e-02
6.126805309672839940e+05 7.192915893798316196e-01 9.020934067754987629e-01 1.823117145399466218e-02 6.038079470198675497e-02
6.119055775530345272e+05 7.180479708984289777e-01 9.005836358433125799e-01 1.863108747163095755e-02 6.170529801324503572e-02
6.111941076544107636e+05 7.168917233496514552e-01 8.991700620202394134e-01 1.884604233111046578e-02 6.241721854304635442e-02
6.105322807609139709e+05 7.157997106860100045e-01 8.978274702126343154e-01 1.881604862978774467e-02 6.231788079470198388e-02
6.099102400149797322e+05 7.147582311476293748e-01 8.965388892397244680e-01 1.878105597824457004e-02 6.220198675496688839e-02
6.093214305202647811e+05 7.137529393611857786e-01 8.952943457410201811e-01 1.875606122714229898e-02 6.211920529801324281e-02
6.087618366399977822e+05 7.127801016262412803e-01 8.940892402634780245e-01 1.873106647604003139e-02 6.203642384105960417e-02
6.082291933857811382e+05 7.118394378483313689e-01 8.929225716831243886e-01 1.878105597824457004e-02 6.220198675496688839e-02
6.077222548729934497e+05 7.109326763884821210e-01 8.917952568990409334e-01 1.878605492846502356e-02 6.221854304635761335e-02
6.072402068910009693e+05 7.100574807521983223e-01 8.907087745412455293e-01 1.865608222273322514e-02 6.178807947019867436e-02
6.067822772662464995e+05 7.092122639171003495e-01 8.896642687275625461e-01 1.858609691964687588e-02 6.155629139072847644e-02
6.063475441468171775e+05 7.083980225847545942e-01 8.886621189265322407e-01 1.854110636766279074e-02 6.140728476821191717e-02
6.059348970553342951e+05 7.076165816981895285e-01 8.877018752923815370e-01 1.857110006898551186e-02 6.150662251655629464e-02
6.055430865056909388e+05 7.068658883758068834e-01 8.867824121381903124e-01 1.853610741744233723e-02 6.139072847682119222e-02
6.051708046182791004e+05 7.061443637329727352e-01 8.859021634425121583e-01 1.848611791523779857e-02 6.122516556291390799e-02
6.048167593327175127e+05 7.054532015771476372e-01 8.850593475810538679e-01 1.843112946281280987e-02 6.104304635761589187e-02
6.044797257983225863e+05 7.047895541214541648e-01 8.842521364145315976e-01 1.831615360774237547e-02 6.066225165562914162e-02
6.041585732898552669e+05 7.041515260550413879e-01 8.834787600369231608e-01 1.812619349936513483e-02 6.003311258278145462e-02
6.038522733000665903e+05 7.035391497190793819e-01 8.827375584537072717e-01 1.800621869407424344e-02 5.963576158940397248e-02
6.035598962095718598e+05 7.029507155219181236e-01 8.820269980588256731e-01 1.787624598834244849e-02 5.920529801324503349e-02
6.032806026971882675e+05 7.023851954950369736e-01 8.813456692608853116e-01 1.777126803371292113e-02 5.885761589403973315e-02
6.030136338517429540e+05 7.018413140004926554e-01 8.806922767009750519e-01 1.762629847731976215e-02 5.837748344370861237e-02
6.027583019293429097e+05 7.013189566274460329e-01 8.800656283321472984e-01 1.754131632357204887e-02 5.809602649006622571e-02
6.025139823231985793e+05 7.008178099198737465e-01 8.794646257225667840e-01 1.743633836894252151e-02 5.774834437086092537e-02
6.022801066011775983e+05 7.003367956619023227e-01 8.788882556769558319e-01 1.746633207026524262e-02 5.784768211920529590e-02
6.020561562442657305e+05 6.998740404087161471e-01 8.783355823799445794e-01 1.761130162665840160e-02 5.832781456953642363e-02
6.018416567737553269e+05 6.994295109051328341e-01 8.778057392529222680e-01 1.760630267643794808e-02 5.831125827814569867e-02
6.016361721138665453e+05 6.990025209587925614e-01 8.772979201068693555e-01 1.765129322842202975e-02 5.846026490066225101e-02
6.014392991858434398e+05 6.985919323169026418e-01 8.768113696281136793e-01 1.768128692974475433e-02 5.855960264900662154e-02
6.012506628262606682e+05 6.981984855312933780e-01 8.763453735690655000e-01 1.775127223283110706e-02 5.879139072847681946e-02
6.010699111548457295e+05 6.978218499981427847e-01 8.758992491734519659e-01 1.787624598834244849e-02 5.920529801324503349e-02
6.008967115019098856e+05 6.974603315092173794e-01 8.754723363642017420e-01 1.791123863988562312e-02 5.932119205298012898e-02
6.007307469661178766e+05 6.971139294313709600e-01 8.750639901147542199e-01 1.796622709231061529e-02 5.950331125827814510e-02
6.005717136221169494e+05 6.967823632934209144e-01 8.746735742681854830e-01 1.812119454914468131e-02 6.001655629139072967e-02
6.004193183544999920e+05 6.964649545814211029e-01 8.743004569084890099e-01 1.832115255796282899e-02 6.067880794701986658e-02
6.002732772626780206e+05 6.961612790772954140e-01 8.739440072528333880e-01 1.839113786104917825e-02 6.091059602649006449e-02
6.001333145586354658e+05 6.958707385442355342e-01 8.736035939352231328e-01 1.845612421391507746e-02 6.112582781456953746e-02
5.999991618749174522e+05 6.955932738636224633e-01 8.732785844917919649e-01 1.862608852141050403e-02 6.168874172185430382e-02
5.998705578969313065e+05 6.953281564955524630e-01 8.729683458303787447e-01 1.869107487427640324e-02 6.190397350993377679e-02
5.997472482420213055e+05 6.950747151264037305e-01 8.726722454638360382e-01 1.881104967956729115e-02 6.230132450331125893e-02
5.996289855153186945e+05 6.948328221772879232e-01 8.723896532993795638e-01 1.891602763419681851e-02 6.264900662251655927e-02
5.995155294838725822e+05 6.946019836256249746e-01 8.721199437982691816e-01 1.896601713640135717e-02 6.281456953642383656e-02
5.994066473197449232e+05 6.943816222592457121e-01 8.718624983461675804e-01 1.909598984213315212e-02 6.324503311258278249e-02
5.993021138735070126e+05 6.941711579875172733e-01 8.716167077012948461e-01 1.920096779676267948e-02 6.359271523178808283e-02
5.992017119476551889e+05 6.939702407714771759e-01 8.713819744130405498e-01 1.929594785095129980e-02 6.390728476821191939e-02
5.991052325473333476e+05 6.937782786951411929e-01 8.711577151270250008e-01 1.940592475580128068e-02 6.427152317880795163e-02
5.990124750924551627e+05 6.935947193423964707e-01 8.709433627132940892e-01 1.947591005888763341e-02 6.450331125827814260e-02
5.989232475803704001e+05 6.934190031133878884e-01 8.707383681722991042e-01 1.954089641175353262e-02 6.471854304635761557e-02
5.988373666931267362e+05 6.932508930687010240e-01 8.705422022886570854e-01 1.958088801351716077e-02 6.485099337748344295e-02
5.987546578468354419e+05 6.930899481346252111e-01 8.703543570155194420e-01 1.966087121704442053e-02 6.511589403973509771e-02
5.986749551825495437e+05 6.929354516501906591e-01 8.701743465829205881e-01 1.969086491836714164e-02 6.521523178807947518e-02
5.985981015024599619e+05 6.927871957244545742e-01 8.700017083319064870e-01 1.967086911748532757e-02 6.514900662251656149e-02
5.985239481531009078e+05 6.926447360571887923e-01 8.698360032828056365e-01 1.959088591395806780e-02 6.488410596026490673e-02
5.984523548616399057e+05 6.925078566050910656e-01 8.696768164509215415e-01 1.957588906329670725e-02 6.483443708609271106e-02
5.983831895294709830e+05 6.923765209551915323e-01 8.695237569264444577e-01 1.954089641175353262e-02 6.471854304635761557e-02
5.983163279887591489e+05 6.922501299000567432e-01 8.693764577377576241e-01 1.955089431219443966e-02 6.475165562913907935e-02
5.982516537275358569e+05 6.921283065853036653e-01 8.692345755187597112e-01 1.954589536197398614e-02 6.473509933774834746e-02
5.981890575878635282e+05 6.920107382837290544e-01 8.690977900015739444e-01 1.955089431219443966e-02 6.475165562913907935e-02
5.981284374428011943e+05 6.918972035737740445e-01 8.689658033562224215e-01 1.956089221263534669e-02 6.478476821192052926e-02
5.980696978569085477e+05 6.917877558566113416e-01 8.688383393986917058e-01 1.950590376021035452e-02 6.460264900662252008e-02
5.980127497342326678e+05 6.916823659856295992e-01 8.687151426883799044e-01 1.945591425800581933e-02 6.443708609271522891e-02
5.979575099589480087e+05 6.915802230420083907e-01 8.685959775353127021e-01 1.942592055668309822e-02 6.433774834437086532e-02
5.979039010319968220e+05 6.914812111875336953e-01 8.684806269367533194e-01 1.942592055668309822e-02 6.433774834437086532e-02
5.978518507077564718e+05 6.913851727500013311e-01 8.683688914619943633e-01 1.942092160646264123e-02 6.432119205298013342e-02
5.978012916343205143e+05 6.912920684788572689e-01 8.682605881031434381e-01 1.945591425800581933e-02 6.443708609271522891e-02
5.977521610002964735e+05 6.912017169286568397e-01 8.681555491086689891e-01 1.948090900910808693e-02 6.451986754966887450e-02
5.977044001914372202e+05 6.911141495550948699e-01 8.680536208152976885e-01 1.950090480998990100e-02 6.458609271523178819e-02
5.976579544594177278e+05 6.910291060672867358e-01 8.679546624925785769e-01 1.951090271043080804e-02 6.461920529801325197e-02
5.976127726050966885e+05 6.909467334787652293e-01 8.678585452130281874e-01 1.947091110866717989e-02 6.448675496688741071e-02
5.975688066778957145e+05 6.908667212487414888e-01 8.677651507592718527e-01 1.947091110866717989e-02 6.448675496688741071e-02
5.975260116937709972e+05 6.907891862822195250e-01 8.676743705780005644e-01 1.943591845712400526e-02 6.437086092715231522e-02
5.974843453710786998e+05 6.907140656648164123e-01 8.675861047889058542e-01 1.943591845712400526e-02 6.437086092715231522e-02
5.974437678868877701e+05 6.906410642276188394e-01 8.675002612550581915e-01 1.945591425800581933e-02 6.443708609271522891e-02
5.974042416530419141e+05 6.905701839144177123e-01 8.674167547195024142e-01 1.946591215844672637e-02 6.447019867549669270e-02
5.973657311121415114e+05 6.905013154664952912e-01 8.673355060111983539e-01 1.949090690954899396e-02 6.455298013245032440e-02
5.973282025528146187e+05 6.904341447694242184e-01 8.672564413218647461e-01 1.951590166065126156e-02 6.463576158940396998e-02
5.972916239444287494e+05 6.903687177173878364e-01 8.671794915538313386e-01 1.955089431219443966e-02 6.475165562913907935e-02
5.972559647893010406e+05 6.903049854771767802e-01 8.671045917377032675e-01 1.953589746153307910e-02 6.470198675496688367e-02
5.972211959918524371e+05 6.902427961923177646e-01 8.670316805175121155e-01 1.955089431219443966e-02 6.475165562913907935e-02
5.971872897434901679e+05 6.901823353456048027e-01 8.669606997000763871e-01 1.957588906329670725e-02 6.483443708609271106e-02
5.971542194215084892e+05 6.901236925683543744e-01 8.668915938645525010e-01 1.957588906329670725e-02 6.483443708609271106e-02
5.971219595008296892e+05 6.900666042775660536e-01 8.668243100275958568e-01 1.956089221263534669e-02 6.478476821192052926e-02
5.970904854772569379e+05 6.900111615264897802e-01 8.667587973591872608e-01 1.953589746153307910e-02 6.470198675496688367e-02
5.970597738002846017e+05 6.899572480850404421e-01 8.666950069439783855e-01 1.949590585976944748e-02 6.456953642384105629e-02
