4.546317128967875615e+06 1.508213700824225345e+00 1.864452113800854516e+00 4.734005858769658320e-02 1.567880794701986824e-01
1.020560740107185673e+06 8.596654270614557669e-01 1.105190819137329417e+00 2.541966187100708902e-02 8.418874172185430993e-02
7.207181381723749219e+05 7.839863872114377630e-01 9.928385465595517267e-01 1.845612421391507746e-02 6.112582781456953746e-02
6.666614688054808648e+05 7.605794244599416443e-01 9.575698205304238320e-01 1.608162285919956941e-02 5.326158940397351244e-02
6.466477124802401522e+05 7.503038413176459365e-01 9.424245504346178137e-01 1.440197558512712299e-02 4.769867549668874163e-02
6.368488359767567599e+05 7.446513771852232288e-01 9.343573051082122438e-01 1.417702282520670598e-02 4.695364238410595914e-02
6.311423206521210959e+05 7.408782361551577988e-01 9.291401052486077949e-01 1.425200707851351223e-02 4.720198675496688895e-02
6.273292046930996003e+05 7.378493677910342718e-01 9.251037837689072285e-01 1.434198818248167903e-02 4.750000000000000056e-02
6.244652048380846391e+05 7.350901812624111020e-01 9.215313824570000589e-01 1.445696403755211343e-02 4.788079470198675774e-02
6.221156628569079330e+05 7.324113632474231750e-01 9.181500565786849810e-01 1.478189580188160428e-02 4.895695364238410868e-02
6.200892986961052520e+05 7.297989495502040791e-01 9.149193330027987070e-01 1.509183071554973457e-02 4.998344370860927088e-02
6.183119830701233586e+05 7.273203209241764222e-01 9.118955943731891223e-01 1.537177192789514202e-02 5.091059602649006949e-02
6.167531475437473273e+05 7.250356613939948902e-01 9.091371274134688596e-01 1.564171523979964243e-02 5.180463576158940431e-02
6.153883331989011494e+05 7.229766939872086517e-01 9.066617199494616530e-01 1.604663020765639131e-02 5.314569536423841001e-02
6.141891084409871837e+05 7.211336503729232073e-01 9.044484970255537437e-01 1.655652313014267102e-02 5.483443708609271605e-02
6.131258372644082410e+05 7.194769578829852685e-01 9.024571300077001146e-01 1.703142340108577263e-02 5.640728476821191967e-02
6.121720355052528903e+05 7.179723351945777043e-01 9.006447217295538987e-01 1.765629217864248673e-02 5.847682119205298290e-02
6.113064888764526695e+05 7.165905498459832490e-01 8.989748045295236079e-01 1.812619349936513483e-02 6.003311258278145462e-02
6.105133802455328405e+05 7.153097757583982697e-01 8.974201036931537256e-01 1.858609691964687588e-02 6.155629139072847644e-02
6.097814225533116842e+05 7.141133650008484324e-01 8.959618960202053728e-01 1.895601923596044666e-02 6.278145695364238665e-02
6.091026809127946617e+05 7.129877626143460434e-01 8.945879875437247053e-01 1.931094470161266036e-02 6.395695364238410119e-02
6.084714480547294952e+05 7.119223681744581977e-01 8.932904722626769933e-01 1.956589116285580021e-02 6.480132450331126115e-02
6.078833505202098750e+05 7.109163533073923347e-01 8.920638595621339650e-01 1.960088381439897484e-02 6.491721854304635664e-02
6.073347434723223560e+05 7.099632068472410129e-01 8.909037869552826061e-01 1.954589536197398614e-02 6.473509933774834746e-02
6.068223681204610039e+05 7.090601250968189273e-01 8.898062972357685396e-01 1.949090690954899396e-02 6.455298013245032440e-02
6.063431996544785798e+05 7.082033076853722076e-01 8.887675359371816075e-01 1.943591845712400526e-02 6.437086092715231522e-02
6.058944055142833386e+05 7.073908805895209317e-01 8.877836973403742116e-01 1.943591845712400526e-02 6.437086092715231522e-02
6.054733509853543947e+05 7.066182909655676081e-01 8.868510791638068991e-01 1.944591635756491230e-02 6.440397350993377901e-02
6.050776142263596412e+05 7.058848141428847311e-01 8.859661584208089469e-01 1.958588696373761429e-02 6.486754966887417484e-02
6.047049939301442355e+05 7.051874557313214664e-01 8.851256473408215530e-01 1.977084812189440141e-02 6.548013245033112995e-02
6.043535058043419849e+05 7.045247934258590528e-01 8.843265186116653354e-01 1.991581767828756039e-02 6.596026490066225767e-02
6.040213699956778437e+05 7.038941303565858787e-01 8.835660043282347331e-01 1.989582187740574631e-02 6.589403973509934398e-02
6.037069931816385360e+05 7.032934830834235429e-01 8.828415779422589260e-01 1.991081872806710687e-02 6.594370860927152578e-02
6.034089486520786304e+05 7.027213477044860213e-01 8.821509281413418835e-01 1.981583867387848655e-02 6.562913907284767534e-02
6.031259567033223575e+05 7.021742907966644909e-01 8.814919312727833578e-01 1.986082922586256821e-02 6.577814569536423461e-02
6.028568667059098370e+05 7.016509450167535134e-01 8.808626263991884420e-01 1.981583867387848655e-02 6.562913907284767534e-02
6.026006414743515197e+05 7.011497172551449664e-01 8.802611949987064754e-01 1.976085022145349437e-02 6.544701986754966616e-02
6.023563440694431774e+05 7.006708447647733706e-01 8.796859458342944915e-01 1.992081662850801391e-02 6.597682119205297568e-02
6.021231268479902064e+05 7.002127080300678541e-01 8.791353045436690605e-01 2.006578618490116941e-02 6.645695364238410341e-02
6.019002223986934405e+05 6.997739184850531036e-01 8.786078069367802001e-01 2.009078093600344048e-02 6.653973509933774899e-02
6.016869359270248096e+05 6.993535135518331725e-01 8.781020947387534470e-01 2.011577568710570807e-02 6.662251655629139457e-02
6.014826386557228398e+05 6.989504648535457276e-01 8.776169125099543278e-01 2.019575889063296784e-02 6.688741721854304934e-02
6.012867618679011939e+05 6.985636054254953375e-01 8.771511046459062877e-01 2.025574629327841006e-02 6.708609271523179041e-02
6.010987913138392614e+05 6.981917024011361494e-01 8.767036116440591886e-01 2.024574839283750302e-02 6.705298013245032662e-02
6.009182618097978411e+05 6.978335946755640506e-01 8.762734651592559709e-01 2.026074524349886358e-02 6.710264900662252230e-02
6.007447519596477505e+05 6.974891371225524495e-01 8.758597816988951124e-01 2.029573789504204168e-02 6.721854304635761779e-02
6.005778790124913212e+05 6.971576834703772096e-01 8.754617550883532218e-01 2.026574419371932056e-02 6.711920529801324031e-02
6.004172939251253847e+05 6.968383370377696506e-01 8.750786480394123767e-01 2.026074524349886358e-02 6.710264900662252230e-02
6.002626767265828094e+05 6.965303259422765958e-01 8.747097832685909458e-01 2.024574839283750302e-02 6.705298013245032662e-02
6.001137322818032699e+05 6.962332260564140229e-01 8.743545346426507825e-01 2.024574839283750302e-02 6.705298013245032662e-02
5.999701865352068562e+05 6.959473162423328585e-01 8.740123187903731106e-01 2.025574629327841006e-02 6.708609271523179041e-02
5.998317832846026868e+05 6.956722199823636155e-01 8.736825875341163172e-01 2.028573999460113464e-02 6.718543046357615400e-02
5.996982815027541947e+05 6.954068884506331427e-01 8.733648213841539443e-01 2.032573159636476279e-02 6.731788079470198138e-02
5.995694531902776798e+05 6.951511964055109294e-01 8.730585242233335208e-01 2.029573789504204168e-02 6.721854304635761779e-02
5.994450817192995455e+05 6.949046179963070946e-01 8.727632192044313397e-01 2.023575049239659598e-02 6.701986754966887672e-02
5.993249606066084234e+05 6.946663514007310747e-01 8.724784457973107088e-01 2.015576728886933622e-02 6.675496688741722195e-02
5.992088926469839644e+05 6.944364142181320698e-01 8.722037578618249132e-01 2.009577988622389400e-02 6.655629139072848088e-02
5.990966893322042888e+05 6.942144925090005803e-01 8.719387225852942569e-01 2.006078723468071590e-02 6.644039735099337152e-02
5.989881704869108507e+05 6.940002821359719798e-01 8.716829201073336142e-01 2.002579458313754127e-02 6.632450331125827603e-02
5.988831640561978566e+05 6.937932156772135261e-01 8.714359436553508198e-01 1.999080193159436664e-02 6.620860927152318054e-02
5.987815059918898623e+05 6.935928681522128825e-01 8.711974000262835416e-01 1.989582187740574631e-02 6.589403973509934398e-02
5.986830401916991686e+05 6.933993433271656848e-01 8.709669102696222520e-01 1.983583447476030062e-02 6.569536423841060291e-02
5.985876184568181634e+05 6.932117456499619079e-01 8.707441104498158113e-01 1.985083132542166118e-02 6.574503311258278471e-02
5.984951004415499046e+05 6.930301558141693796e-01 8.705286523900748197e-01 1.982583657431939358e-02 6.566225165562913912e-02
5.984053535766210407e+05 6.928546304730279770e-01 8.703202043225662932e-01 1.977084812189440141e-02 6.548013245033112995e-02
5.983182529537561350e+05 6.926847640936206751e-01 8.701184513909830942e-01 1.968086701792623461e-02 6.518211920529801140e-02
5.982336811648315052e+05 6.925204235947240994e-01 8.699230959699763011e-01 1.963087751572169942e-02 6.501655629139073411e-02
5.981515280939841177e+05 6.923615606859959692e-01 8.697338577817858019e-01 1.959588486417852132e-02 6.490066225165562475e-02
5.980716906618939247e+05 6.922075736912253197e-01 8.695504738037030945e-01 1.959588486417852132e-02 6.490066225165562475e-02
5.979940725277727470e+05 6.920584319869254042e-01 8.693726979708702451e-01 1.952090061087171854e-02 6.465231788079470188e-02
5.979185837522330694e+05 6.919138255587596875e-01 8.692003006876177773e-01 1.949090690954899396e-02 6.455298013245032440e-02
5.978451404299649876e+05 6.917736270902206108e-01 8.690330681672134849e-01 1.940592475580128068e-02 6.427152317880795163e-02
5.977736642978184391e+05 6.916377274752342208e-01 8.688708016247720378e-01 1.934093840293538494e-02 6.405629139072847866e-02
5.977040823279380566e+05 6.915061373203575945e-01 8.687133163512728018e-01 1.928095100028993925e-02 6.385761589403973759e-02
5.976363263130390551e+05 6.913782377046215899e-01 8.685604406983512549e-01 1.922096359764449355e-02 6.365894039735099652e-02
5.975703324522374896e+05 6.912540927965717952e-01 8.684120150038929786e-01 1.920096779676267948e-02 6.359271523178808283e-02
5.975060409442402888e+05 6.911333704158347802e-01 8.682678904876408588e-01 1.909099089191269860e-02 6.322847682119205059e-02
5.974433955947885988e+05 6.910159780207104641e-01 8.681279281442139117e-01 1.902600453904679939e-02 6.301324503311257763e-02
5.973823434440275887e+05 6.909016650203470000e-01 8.679919976582938235e-01 1.900100978794453180e-02 6.293046357615894593e-02
5.973228344178262632e+05 6.907905489720835845e-01 8.678599763634891051e-01 1.899101188750362476e-02 6.289735099337748214e-02
5.972648210068794433e+05 6.906825506677021220e-01 8.677317482627250333e-01 1.892102658441727203e-02 6.266556291390729116e-02
5.972082579757451313e+05 6.905776231269012966e-01 8.676072031241245375e-01 1.890103078353545796e-02 6.259933774834437747e-02
5.971531021032175049e+05 6.904757608039346906e-01 8.674862356624378767e-01 1.884104338089001227e-02 6.240066225165562946e-02
5.970993119536385639e+05 6.903768215084925552e-01 8.673687448123187371e-01 1.880105177912638412e-02 6.226821192052980208e-02
5.970468476799832424e+05 6.902809069120049434e-01 8.672546330962321859e-01 1.876106017736275250e-02 6.213576158940397470e-02
5.969956708549126051e+05 6.901875444459082409e-01 8.671438060866782926e-01 1.868107697383549620e-02 6.187086092715231994e-02
5.969457443309971131e+05 6.900968110090734964e-01 8.670361719597431405e-01 1.865108327251277162e-02 6.177152317880794941e-02
5.968970321246071253e+05 6.900085602699328469e-01 8.669316411348346740e-01 1.864108537207186458e-02 6.173841059602649256e-02
5.968494993233057903e+05 6.899227299543907455e-01 8.668301259937892800e-01 1.864608432229231810e-02 6.175496688741721751e-02
5.968031120125491871e+05 6.898393115918768359e-01 8.667315406713782533e-01 1.867107907339458570e-02 6.183774834437086310e-02
5.967578372189769289e+05 6.897581237180846481e-01 8.666358009085289860e-01 1.866608012317413218e-02 6.182119205298013120e-02
5.967136428683965933e+05 6.896790079953321051e-01 8.665428239592701809e-01 1.864108537207186458e-02 6.173841059602649256e-02
5.966704977548075840e+05 6.896021646382458625e-01 8.664525285424565793e-01 1.866608012317413218e-02 6.182119205298013120e-02
5.966283715184138855e+05 6.895275039633695924e-01 8.663648348296478785e-01 1.862608852141050403e-02 6.168874172185430382e-02
5.965872346309608547e+05 6.894549675741312722e-01 8.662796644610670782e-01 1.859609482008778292e-02 6.158940397350993329e-02
5.965470583855198929e+05 6.893845900339972133e-01 8.661969405822498302e-01 1.859109586986732940e-02 6.157284768211920833e-02
5.965078148898680229e+05 6.893163146906646777e-01 8.661165878948060559e-01 1.860109377030823644e-02 6.160596026490066518e-02
5.964694770616301103e+05 6.892499028620063806e-01 8.660385327155579738e-01 1.853110846722188371e-02 6.137417218543046032e-02
5.964320186242262134e+05 6.891851272585020061e-01 8.659627030391868763e-01 1.851111266634006963e-02 6.130794701986754663e-02
5.963954141026537400e+05 6.891221160448282035e-01 8.658890286003569914e-01 1.852111056678097667e-02 6.134105960264900348e-02
