4.656149586166458204e+06 1.575065713338230866e+00 1.936203916408683723e+00 4.919466911948491145e-02 1.629304635761589515e-01
1.050705011425630655e+06 8.643366026393171087e-01 1.112924520914802207e+00 2.848401835614521038e-02 9.433774834437086421e-02
7.258956421687998809e+05 7.831267627302693768e-01 9.930104757247255609e-01 2.207036522330310668e-02 7.309602649006623210e-02
6.690444080065876478e+05 7.578980101389308777e-01 9.552669721846105411e-01 1.905599824036952397e-02 6.311258278145695511e-02
6.479747830609689699e+05 7.466359524250371082e-01 9.387955314965941156e-01 1.715139820637666054e-02 5.680463576158940181e-02
6.375190241922879359e+05 7.402853691443241901e-01 9.297177793954011227e-01 1.707641395306985430e-02 5.655629139072847894e-02
6.312868271868097363e+05 7.358687566414255921e-01 9.236190775863655222e-01 1.774627328261065007e-02 5.877483443708609451e-02
6.270330337440375006e+05 7.322861194642464877e-01 9.188556612120079015e-01 1.827116305575829033e-02 6.051324503311258235e-02
6.238357569243676262e+05 7.291588584468137180e-01 9.148067432611941552e-01 1.868107697383549620e-02 6.187086092715231994e-02
6.212890191065036925e+05 7.263636846805264780e-01 9.112651952764865282e-01 1.862108957119005051e-02 6.167218543046357887e-02
6.192001353036480723e+05 7.238847763144535818e-01 9.081661257084896466e-01 1.835614520950600362e-02 6.079470198675496900e-02
6.174596300612507621e+05 7.217105203163096672e-01 9.054660718220484128e-01 1.875606122714229898e-02 6.211920529801324281e-02
6.159897683161573950e+05 7.198068853443240211e-01 9.031086861764323626e-01 1.925095729896721813e-02 6.375827814569536012e-02
6.147291004203509074e+05 7.181206425045014718e-01 9.010291275796274979e-01 1.967586806770578109e-02 6.516556291390727951e-02
6.136290322738403920e+05 7.166066426563796332e-01 8.991656663349169021e-01 2.004579038401935534e-02 6.639072847682118972e-02
6.126523804031184409e+05 7.152278124852669006e-01 8.974668705073831632e-01 2.034572739724657686e-02 6.738410596026489507e-02
6.117716284148884006e+05 7.139573613804031105e-01 8.958937227054761809e-01 2.037572109856930144e-02 6.748344370860927255e-02
6.109669800676100422e+05 7.127700996521901811e-01 8.944187624946436932e-01 2.038072004878975496e-02 6.750000000000000444e-02
6.102245116499732248e+05 7.116438786694448959e-01 8.930239561477887333e-01 2.050569380430109639e-02 6.791390728476821848e-02
6.095345648714526324e+05 7.105710664606385008e-01 8.916982442314609347e-01 2.059567490826926320e-02 6.821192052980132314e-02
6.088904285279462347e+05 7.095477317680448648e-01 8.904352575813925252e-01 2.060067385848971672e-02 6.822847682119205504e-02
6.082873216952070361e+05 7.085668973037809737e-01 8.892314490125652338e-01 2.055568330650563505e-02 6.807947019867549576e-02
6.077216647402392700e+05 7.076289403322388871e-01 8.880847310622551616e-01 2.047570010297837528e-02 6.781456953642384100e-02
6.071905970082936110e+05 7.067353023590582373e-01 8.869935933641054371e-01 2.062566860959198431e-02 6.831125827814570062e-02
6.066916818463187665e+05 7.058850142636863279e-01 8.859566013332758061e-01 2.066066126113516241e-02 6.842715231788079611e-02
6.062227378761555301e+05 7.050746275136663410e-01 8.849721557238469094e-01 2.071065076333969759e-02 6.859271523178807339e-02
6.057817470019576140e+05 7.043020136569584366e-01 8.840384080526954014e-01 2.057068015716699561e-02 6.812913907284767756e-02
6.053668059574066428e+05 7.035673916037562536e-01 8.831532584223656945e-01 2.035572529768748390e-02 6.741721854304635886e-02
6.049761021837316221e+05 7.028693537236639921e-01 8.823143923964279489e-01 2.021075574129432839e-02 6.693708609271523113e-02
6.046079037792276358e+05 7.022060561634966280e-01 8.815193343958402927e-01 2.007078513512162293e-02 6.647350993377483530e-02
6.042605578285411466e+05 7.015753985607050547e-01 8.807655064862707217e-01 2.014576938842842918e-02 6.672185430463575817e-02
6.039324934394694865e+05 7.009754351466617184e-01 8.800502866418078440e-01 2.020575679107387487e-02 6.692052980132449924e-02
6.036222268116101623e+05 7.004056669806743018e-01 8.793710628364274084e-01 2.013577148798752214e-02 6.668874172185430826e-02
6.033283664072426036e+05 6.998627309298696142e-01 8.787252805884447904e-01 2.013577148798752214e-02 6.668874172185430826e-02
6.030496170027204789e+05 6.993455061025145580e-01 8.781104826228579574e-01 2.000579878225572719e-02 6.625827814569536234e-02
6.027847820148908067e+05 6.988518340924554373e-01 8.775243402219993216e-01 2.005578828446026238e-02 6.642384105960265350e-02
6.025327639528318541e+05 6.983799754136230664e-01 8.769646765126778432e-01 2.006078723468071590e-02 6.644039735099337152e-02
6.022925631104796194e+05 6.979296124386505928e-01 8.764294823336939988e-01 2.012577358754661511e-02 6.665562913907284448e-02
6.020632747291370761e+05 6.974987953700050314e-01 8.759169254766192569e-01 2.010577778666480103e-02 6.658940397350993079e-02
6.018440848768566502e+05 6.970854510760581269e-01 8.754253540854083360e-01 2.018576099019206080e-02 6.685430463576158555e-02
6.016342652691218536e+05 6.966891454985932874e-01 8.749532949329469345e-01 2.023575049239659598e-02 6.701986754966887672e-02
6.014331672298541525e+05 6.963093963142755749e-01 8.744994472351952375e-01 2.026074524349886358e-02 6.710264900662252230e-02
6.012402149791540578e+05 6.959442200951099222e-01 8.740626726497433552e-01 2.032573159636476279e-02 6.731788079470198138e-02
6.010548984403349459e+05 6.955918751423466606e-01 8.736419821372721772e-01 2.037072214834884792e-02 6.746688741721854066e-02
6.008767657716599060e+05 6.952527248671378501e-01 8.732365204228719202e-01 2.044570640165565070e-02 6.771523178807946353e-02
6.007054158423297340e+05 6.949253841612074156e-01 8.728455488522566252e-01 2.044070745143519718e-02 6.769867549668874551e-02
6.005404908776063239e+05 6.946096286549015009e-01 8.724684274696190567e-01 2.049569590386018936e-02 6.788079470198675469e-02
6.003816694864380406e+05 6.943066591787473429e-01 8.721045971309142608e-01 2.042071165055338311e-02 6.763245033112583182e-02
6.002286602588504320e+05 6.940148367148347708e-01 8.717535624010448458e-01 2.040571479989202255e-02 6.758278145695363615e-02
6.000811960788321448e+05 6.937336852908237983e-01 8.714148758688993190e-01 2.041071375011247607e-02 6.759933774834436804e-02
5.999390292475520400e+05 6.934625517305254006e-01 8.710881243622832226e-01 2.038571899901020848e-02 6.751655629139072246e-02
5.998019274570335401e+05 6.932013288621386993e-01 8.707729173726563854e-01 2.032573159636476279e-02 6.731788079470198138e-02
5.996696706033693627e+05 6.929499188620644734e-01 8.704688778259419557e-01 2.028573999460113464e-02 6.718543046357615400e-02
5.995420483838028740e+05 6.927074934313021126e-01 8.701756351773015652e-01 2.022075364173523543e-02 6.697019867549669492e-02
5.994188585900972830e+05 6.924736496626590077e-01 8.698928206772742477e-01 2.025574629327841006e-02 6.708609271523179041e-02
5.992999059895675164e+05 6.922484007663612937e-01 8.696200645611433799e-01 2.022575259195568895e-02 6.698675496688741293e-02
5.991850016779451398e+05 6.920312031556372645e-01 8.693569948546406856e-01 2.021075574129432839e-02 6.693708609271523113e-02
5.990739627881853376e+05 6.918215831683620642e-01 8.691032374643801184e-01 2.022575259195568895e-02 6.698675496688741293e-02
5.989666124512857059e+05 6.916192259095765849e-01 8.688584172250459758e-01 2.026574419371932056e-02 6.711920529801324031e-02
5.988627799171846127e+05 6.914241406222957353e-01 8.686221596000610612e-01 2.024074944261704950e-02 6.703642384105960861e-02
5.987623007613676600e+05 6.912358112682776001e-01 8.683940927707813895e-01 2.029573789504204168e-02 6.721854304635761779e-02
5.986650171208577231e+05 6.910537003817842638e-01 8.681738498944741034e-01 2.030573579548294871e-02 6.725165562913906769e-02
5.985707779161395738e+05 6.908778545522463732e-01 8.679610713580334647e-01 2.028074104438068112e-02 6.716887417218543599e-02
5.984794390323970001e+05 6.907078118450211690e-01 8.677554068986447211e-01 2.032073264614430927e-02 6.730132450331126337e-02
5.983908634421498282e+05 6.905435701402984350e-01 8.675565175019737119e-01 2.033572949680566982e-02 6.735099337748344517e-02
5.983049212615194265e+05 6.903847197116818046e-01 8.673640770216661799e-01 2.037072214834884792e-02 6.746688741721854066e-02
5.982214897379379254e+05 6.902308155983749582e-01 8.671777734907157864e-01 2.041571270033292959e-02 6.761589403973509993e-02
5.981404531716268975e+05 6.900811187936024549e-01 8.669973101158888751e-01 2.045070535187610769e-02 6.773178807947019542e-02
5.980617027767254040e+05 6.899361020690971680e-01 8.668224059616208566e-01 2.043070955099429015e-02 6.766556291390728173e-02
5.979851364883272909e+05 6.897955843736085502e-01 8.666527963404819790e-01 2.043570850121474367e-02 6.768211920529801362e-02
5.979106587238677312e+05 6.896592140214449218e-01 8.664882329343663869e-01 2.049069695363973584e-02 6.786423841059602280e-02
5.978381801064863103e+05 6.895267824645427979e-01 8.663284836748225137e-01 2.046070325231701473e-02 6.776490066225165920e-02
5.977676171585511183e+05 6.893978892875554099e-01 8.661733324131515310e-01 2.046070325231701473e-02 6.776490066225165920e-02
5.976988919724239968e+05 6.892728542171856487e-01 8.660225784116091230e-01 2.049069695363973584e-02 6.786423841059602280e-02
5.976319318662658334e+05 6.891512581726036979e-01 8.658760356867416519e-01 2.055068435628518153e-02 6.806291390728476387e-02
5.975666690306182718e+05 6.890330185490163295e-01 8.657335322348539419e-01 2.053068855540336399e-02 6.799668874172185018e-02
5.975030401721736416e+05 6.889181765693395132e-01 8.655949091681064411e-01 2.048569800341928232e-02 6.784768211920530478e-02
5.974409861597632989e+05 6.888063218813448296e-01 8.654600197878981049e-01 2.053068855540336399e-02 6.799668874172185018e-02
5.973804516776244855e+05 6.886973954997980263e-01 8.653287286201052364e-01 2.054568540606472801e-02 6.804635761589404586e-02
5.973213848898902070e+05 6.885912098975529583e-01 8.652009104344979828e-01 2.053568750562381751e-02 6.801324503311258207e-02
5.972637371197618777e+05 6.884876220509584810e-01 8.650764492682493367e-01 2.059067595804880968e-02 6.819536423841059125e-02
5.972074625465749996e+05 6.883865228120024105e-01 8.649552374709562619e-01 2.058567700782835616e-02 6.817880794701987324e-02
5.971525179225214524e+05 6.882878509496923591e-01 8.648371747860235104e-01 2.058567700782835616e-02 6.817880794701987324e-02
5.970988623114764923e+05 6.881917462261544216e-01 8.647221674806565561e-01 2.061067175893062375e-02 6.826158940397350494e-02
5.970464568500565365e+05 6.880981972625842547e-01 8.646101275341313563e-01 2.064066546025334833e-02 6.836092715231788242e-02
5.969952645321228774e+05 6.880070046106765425e-01 8.645009718914840047e-01 2.065566231091470889e-02 6.841059602649006421e-02
5.969452500165461097e+05 6.879182920504107734e-01 8.643946217873662574e-01 2.064566441047380185e-02 6.837748344370861431e-02
5.968963794571276521e+05 6.878318349555031519e-01 8.642910021425617151e-01 2.065066336069425537e-02 6.839403973509933232e-02
5.968486203548965277e+05 6.877477144301351597e-01 8.641900410336357252e-01 2.063566651003289482e-02 6.834437086092715052e-02
5.968019414300554199e+05 6.876657975166341474e-01 8.640916692344017269e-01 2.062566860959198431e-02 6.831125827814570062e-02
5.967563125132754212e+05 6.875858173511417704e-01 8.639958198263658629e-01 2.064066546025334833e-02 6.836092715231788242e-02
5.967117044541005744e+05 6.875077993926641540e-01 8.639024278740852214e-01 2.067565811179652296e-02 6.847682119205297790e-02
5.966680890443917597e+05 6.874318265739073341e-01 8.638114301604291612e-01 2.067565811179652296e-02 6.847682119205297790e-02
5.966254389552851208e+05 6.873576045079917707e-01 8.637227649760658155e-01 2.072564761400105815e-02 6.864238410596026907e-02
5.965837276858024998e+05 6.872852191572613734e-01 8.636363719570956388e-01 2.073564551444196866e-02 6.867549668874171898e-02
5.965429295210028067e+05 6.872147182127215093e-01 8.635521919645876565e-01 2.076064026554423625e-02 6.875827814569536456e-02
5.965030194981395034e+05 6.871461437486691137e-01 8.634701669998097184e-01 2.074064446466242218e-02 6.869205298013245087e-02
5.964639733792603947e+05 6.870794994619009444e-01 8.633902401491575507e-01 2.074064446466242218e-02 6.869205298013245087e-02
5.964257676293314435e+05 6.870145636553905977e-01 8.633123555531332372e-01 2.071564971356015111e-02 6.860927152317880529e-02
5.963883793973386055e+05 6.869512633680673330e-01 8.632364583941710690e-01 2.071065076333969759e-02 6.859271523178807339e-02
