4.290034763747331686e+06 1.373655128307555318e+00 1.727483932048886617e+00 4.434068845542436105e-02 1.468543046357616011e-01
9.760063241197695024e+05 8.498762746234410637e-01 1.089617455300337712e+00 2.564961358114795781e-02 8.495033112582781043e-02
7.185491281128755072e+05 7.810544573242836908e-01 9.867932934462635419e-01 1.844612631347417042e-02 6.109271523178808061e-02
6.673052958187775221e+05 7.588549102986436035e-01 9.536410448389918137e-01 1.570670159266554164e-02 5.201986754966887727e-02
6.475520250938101672e+05 7.487819836298745813e-01 9.389874166597812488e-01 1.315223803001369651e-02 4.355960264900662210e-02
6.375320531857500318e+05 7.429225002248354137e-01 9.308398936269883794e-01 1.288729366832965136e-02 4.268211920529801223e-02
6.314798214388239430e+05 7.388032398806687606e-01 9.253138764145023565e-01 1.305225902560462267e-02 4.322847682119205365e-02
6.273143977960044285e+05 7.354436512925852654e-01 9.209290942069700003e-01 1.315223803001369651e-02 4.355960264900662210e-02
6.241596505242795683e+05 7.324295941522279696e-01 9.171149361133822397e-01 1.344217714280001273e-02 4.451986754966887755e-02
6.216230744952913374e+05 7.296678108510553651e-01 9.136905757351690971e-01 1.408704172123853918e-02 4.665562913907284753e-02
6.195210074023383204e+05 7.271652667964724204e-01 9.106225103995608805e-01 1.495186010937703085e-02 4.951986754966887505e-02
6.177540193889893126e+05 7.249225774662073629e-01 9.079017190590477071e-01 1.589666170104278228e-02 5.264900662251655733e-02
6.162529333192604827e+05 7.229349765480554968e-01 9.054994466543067055e-01 1.673148638785855111e-02 5.541390728476821431e-02
6.149613727250678930e+05 7.211651330640816981e-01 9.033672757605029080e-01 1.743133941872206799e-02 5.773178807947020041e-02
6.138326317570430692e+05 7.195793433402294381e-01 9.014503751493702088e-01 1.808120294738104969e-02 5.988410596026490229e-02
6.128294276644184720e+05 7.181361135285326824e-01 8.996982519614123985e-01 1.874106437648093842e-02 6.206953642384106101e-02
6.119232155610485934e+05 7.167986912509347608e-01 8.980699750821999894e-01 1.914098039411723379e-02 6.339403973509934176e-02
6.110929693622204941e+05 7.155395867834768442e-01 8.965354774284407524e-01 1.949090690954899396e-02 6.455298013245032440e-02
6.103238057101012673e+05 7.143399704998469879e-01 8.950747841740834820e-01 1.972585756991031974e-02 6.533112582781457067e-02
6.096056373538677581e+05 7.131900417406820125e-01 8.936762621533628215e-01 1.981583867387848655e-02 6.562913907284767534e-02
6.089319114547700156e+05 7.120888993996596916e-01 8.923344616141862806e-01 1.975585127123304086e-02 6.543046357615893427e-02
6.082984714312781580e+05 7.110335331965265127e-01 8.910479136029847425e-01 1.974585337079213382e-02 6.539735099337748436e-02
6.077025980146224611e+05 7.100265957978733056e-01 8.898171711550638685e-01 1.963587646594215294e-02 6.503311258278145213e-02
6.071422813628904987e+05 7.090653097819614725e-01 8.886433015402224189e-01 1.953589746153307910e-02 6.470198675496688367e-02
6.066157422682676697e+05 7.081500703035806810e-01 8.875269163685222118e-01 1.942592055668309822e-02 6.433774834437086532e-02
6.061211764401440741e+05 7.072807808451319067e-01 8.864677017970914452e-01 1.912598354345587323e-02 6.334437086092714608e-02
6.056566648727896390e+05 7.064554877220632356e-01 8.854643274746906156e-01 1.882104758000819819e-02 6.233443708609271577e-02
6.052201853467532201e+05 7.056729391226443937e-01 8.845145872285736788e-01 1.860609272052868995e-02 6.162251655629139013e-02
6.048096704972608713e+05 7.049299942947341302e-01 8.836156438391016277e-01 1.855110426810369778e-02 6.144039735099337401e-02
6.044230759223835776e+05 7.042239368642859709e-01 8.827642896745542256e-01 1.846112316413553098e-02 6.114238410596026241e-02
6.040584388026887318e+05 7.035533178512407559e-01 8.819571742319606278e-01 1.851111266634006963e-02 6.130794701986754663e-02
6.037139195993775502e+05 7.029158713019456606e-01 8.811909789630173462e-01 1.850111476589916260e-02 6.127483443708608979e-02
6.033878263869703515e+05 7.023086382074562595e-01 8.804625376641340706e-01 1.850111476589916260e-02 6.127483443708608979e-02
6.030786246180260787e+05 7.017292263452287182e-01 8.797689096330232328e-01 1.842613051259235635e-02 6.102649006622516692e-02
6.027849361213966040e+05 7.011779837092801948e-01 8.791074159729445059e-01 1.843112946281280987e-02 6.104304635761589187e-02
6.025055309891104698e+05 7.006525340588667383e-01 8.784756494537522276e-01 1.840613471171054227e-02 6.096026490066225323e-02
6.022393153810679214e+05 7.001506012760558839e-01 8.778714669026694839e-01 1.832615150818328251e-02 6.069536423841059847e-02
6.019853175153536722e+05 6.996702969352955881e-01 8.772929711649627427e-01 1.827116305575829033e-02 6.051324503311258235e-02
6.017426733974801609e+05 6.992088180987670043e-01 8.767384877544939226e-01 1.825116725487647626e-02 6.044701986754966866e-02
6.015106132441713708e+05 6.987669119998739520e-01 8.762065396504725712e-01 1.826616410553783681e-02 6.049668874172185740e-02
6.012884491067370400e+05 6.983429119946736874e-01 8.756958223843678280e-01 1.835614520950600362e-02 6.079470198675496900e-02
6.010755638864638750e+05 6.979350721922237266e-01 8.752051806087525199e-01 1.830115675708101144e-02 6.061258278145695289e-02
6.008714017420080490e+05 6.975422399729572787e-01 8.747335867073113835e-01 1.836614310994691066e-02 6.082781456953642585e-02
6.006754597881686641e+05 6.971645282818758060e-01 8.742801216266014031e-01 1.848611791523779857e-02 6.122516556291390799e-02
6.004872809462305158e+05 6.968014612903956628e-01 8.738439579123530310e-01 1.853110846722188371e-02 6.137417218543046032e-02
6.003064478029020829e+05 6.964528810810177717e-01 8.734243448488703265e-01 1.865108327251277162e-02 6.177152317880794941e-02
6.001325773500292562e+05 6.961170534662312059e-01 8.730205955758348901e-01 1.872606752581957787e-02 6.201986754966887228e-02
5.999653164959102869e+05 6.957931791052345272e-01 8.726320760557263467e-01 1.883604443066955875e-02 6.238410596026489757e-02
5.998043382544185733e+05 6.954815177227875456e-01 8.722581957661869057e-01 1.889103288309455092e-02 6.256622516556291369e-02
5.996493385296999477e+05 6.951819237901004644e-01 8.718983999865549395e-01 1.898601293728317124e-02 6.288079470198675025e-02
5.995000334212287562e+05 6.948935523256414282e-01 8.715521635361940245e-01 1.901600663860589235e-02 6.298013245033112772e-02
5.993561569773522206e+05 6.946160148944349189e-01 8.712189858079557592e-01 1.916597514521950485e-02 6.347682119205297346e-02
5.992174593292258214e+05 6.943492527805216197e-01 8.708983869278865697e-01 1.925595624918767165e-02 6.377483443708609201e-02
5.990837051414387533e+05 6.940925261350308073e-01 8.705899048658723993e-01 1.929094890073084628e-02 6.389072847682118750e-02
5.989546723193271318e+05 6.938458442642710944e-01 8.702930933232877475e-01 1.935093630337629197e-02 6.408940397350992857e-02
5.988301509209978394e+05 6.936087380496405164e-01 8.700075202329824453e-01 1.946091320822627285e-02 6.445364238410596081e-02
5.987099422291184310e+05 6.933807894643134739e-01 8.697327667228430537e-01 1.950090480998990100e-02 6.458609271523178819e-02
5.985938579451565165e+05 6.931616796807883452e-01 8.694684264146280706e-01 1.958588696373761429e-02 6.486754966887417484e-02
5.984817194772826042e+05 6.929508572418617840e-01 8.692141049524900742e-01 1.970086281880804868e-02 6.524834437086092509e-02
5.983733573000859469e+05 6.927476589630408021e-01 8.689694196784415459e-01 1.982583657431939358e-02 6.566225165562913912e-02
5.982686103704231791e+05 6.925522861633837124e-01 8.687339993933255178e-01 1.989582187740574631e-02 6.589403973509934398e-02
5.981673255887726555e+05 6.923643174231368658e-01 8.685074841604688567e-01 1.996580718049209557e-02 6.612582781456953496e-02
5.980693572999018943e+05 6.921834503053468923e-01 8.682895251245303925e-01 2.008078303556253344e-02 6.650662251655628521e-02
5.979745668280788232e+05 6.920092197284462010e-01 8.680797843299463690e-01 2.014077043820797566e-02 6.670529801324502628e-02
5.978828220452787355e+05 6.918413890539112376e-01 8.678779345319999061e-01 2.018076203997160728e-02 6.683774834437086754e-02
5.977939969709377037e+05 6.916800860452316790e-01 8.676836589993008886e-01 2.018576099019206080e-02 6.685430463576158555e-02
5.977079714024286950e+05 6.915247372093575873e-01 8.674966513098620879e-01 2.027574209416022760e-02 6.715231788079470410e-02
5.976246305752666667e+05 6.913748630780695015e-01 8.673166151445582672e-01 2.037572109856930144e-02 6.748344370860927255e-02
5.975438648526279721e+05 6.912305614614832061e-01 8.671432640820539994e-01 2.039071794923066200e-02 6.753311258278145435e-02
5.974655694418278290e+05 6.910919567447989520e-01 8.669763213987580208e-01 2.041571270033292959e-02 6.761589403973509993e-02
5.973896441372414120e+05 6.909584155217555201e-01 8.668155198763776159e-01 2.044070745143519718e-02 6.769867549668874551e-02
5.973159930867508519e+05 6.908297074858701370e-01 8.666606016184688066e-01 2.047570010297837528e-02 6.781456953642384100e-02
5.972445245799034601e+05 6.907058567289807716e-01 8.665113178762513524e-01 2.052069065496245695e-02 6.796357615894040027e-02
5.971751508553420426e+05 6.905864978474628435e-01 8.663674288829631420e-01 2.058067805760790264e-02 6.816225165562914134e-02
5.971077879256485030e+05 6.904713692975158468e-01 8.662287036952710517e-01 2.067065916157606945e-02 6.846026490066224601e-02
5.970423554160363274e+05 6.903602738478510359e-01 8.660949200397474179e-01 2.070065286289879056e-02 6.855960264900662349e-02
5.969787764162921812e+05 6.902531653565370240e-01 8.659658641621411634e-01 2.067065916157606945e-02 6.846026490066224601e-02
5.969169773430500645e+05 6.901498118470703602e-01 8.658413306771213236e-01 2.068065706201697648e-02 6.849337748344370980e-02
5.968568878102744929e+05 6.900498094086255918e-01 8.657211224162757457e-01 2.067065916157606945e-02 6.846026490066224601e-02
5.967984405077637639e+05 6.899531903632273311e-01 8.656050502723956486e-01 2.065066336069425537e-02 6.839403973509933232e-02
5.967415710850334726e+05 6.898596708618811579e-01 8.654929330383975827e-01 2.066066126113516241e-02 6.842715231788079611e-02
5.966862180397991324e+05 6.897693002573972443e-01 8.653845972396142505e-01 2.064066546025334833e-02 6.836092715231788242e-02
5.966323226108710514e+05 6.896819729415970546e-01 8.652798769585792193e-01 2.065566231091470889e-02 6.841059602649006421e-02
5.965798286737842718e+05 6.895977018378249834e-01 8.651786136518122561e-01 2.062066965937153079e-02 6.829470198675496873e-02
5.965286826394902309e+05 6.895160992564404179e-01 8.650806559584767186e-01 2.063066755981243783e-02 6.832781456953641863e-02
5.964788333550711395e+05 6.894372202530184568e-01 8.649858595010924134e-01 2.060067385848971672e-02 6.822847682119205504e-02
5.964302320065714885e+05 6.893609245204077585e-01 8.648940866787765414e-01 2.060567280871017024e-02 6.824503311258278693e-02
5.963828320240550674e+05 6.892870220798967829e-01 8.648052064536935202e-01 2.065566231091470889e-02 6.841059602649006421e-02
5.963365889880501200e+05 6.892154664289656951e-01 8.647190941315914259e-01 2.065566231091470889e-02 6.841059602649006421e-02
5.962914605380508583e+05 6.891462435360972139e-01 8.646356311374205905e-01 2.061067175893062375e-02 6.826158940397350494e-02
5.962474062830320327e+05 6.890792322671301928e-01 8.645547047871277035e-01 2.061067175893062375e-02 6.826158940397350494e-02
5.962043877134647919e+05 6.890143128498479319e-01 8.644762080567658380e-01 2.061567070915107727e-02 6.827814569536423683e-02
5.961623681158405961e+05 6.889513505425107764e-01 8.644000393500800294e-01 2.059567490826926320e-02 6.821192052980132314e-02
5.961213124889542814e+05 6.888902389622066913e-01 8.643261022657219295e-01 2.060567280871017024e-02 6.824503311258278693e-02
5.960811874626526842e+05 6.888309404810262215e-01 8.642543053652109730e-01 2.052568960518291047e-02 6.798013245033113217e-02
5.960419612186884042e+05 6.887733693974090743e-01 8.641845619427093173e-01 2.047070115275792176e-02 6.779801324503310911e-02
5.960036034143522847e+05 6.887174574281533790e-01 8.641167897976125278e-01 2.048069905319882880e-02 6.783112582781457289e-02
5.959660851080695866e+05 6.886630556202273379e-01 8.640509110108806068e-01 2.041571270033292959e-02 6.761589403973509993e-02
5.959293786883229623e+05 6.886101719213064687e-01 8.639868517259547964e-01 2.037072214834884792e-02 6.746688741721854066e-02
5.958934578045182861e+05 6.885587239055348530e-01 8.639245419350047861e-01 2.033073054658521631e-02 6.733443708609271328e-02

