4.916467990285396576e+06 1.777406129298257920e+00 2.129316939396030062e+00 5.162415892662541167e-02 1.709768211920529857e-01
1.118705480538296280e+06 8.739998387693871384e-01 1.126687926722669264e+00 2.776916847462032947e-02 9.197019867549668937e-02
7.271937820061324164e+05 7.873964434463319728e-01 9.990128335338589460e-01 2.025074734305795654e-02 6.706953642384105851e-02
6.672373176600246225e+05 7.618784983156288160e-01 9.604999510882533675e-01 1.690644964557442773e-02 5.599337748344370563e-02
6.462300552264319267e+05 7.511152087893381291e-01 9.444051965412936234e-01 1.450195458953619683e-02 4.802980132450331008e-02
6.363571634311313974e+05 7.455314735883664667e-01 9.361784795784582336e-01 1.377710680757041062e-02 4.562913907284768533e-02
6.308583209863769589e+05 7.420874870267263335e-01 9.312127139215006233e-01 1.328720968596594672e-02 4.400662251655629298e-02
6.273751452329749009e+05 7.395525050681048818e-01 9.276830344658780758e-01 1.214744903570250285e-02 4.023178807947019875e-02
6.248924379952526651e+05 7.373461006800632322e-01 9.247407787881134489e-01 1.191249837534117881e-02 3.945364238410595942e-02
6.229114248406438855e+05 7.351933136200495822e-01 9.219562706102159000e-01 1.198748262864798332e-02 3.970198675496688923e-02
6.211762274288138142e+05 7.329615611762450023e-01 9.191340431906399600e-01 1.225742594055248373e-02 4.059602649006622405e-02
6.195700528834746219e+05 7.306322053710579967e-01 9.162429338556699054e-01 1.264734405774787379e-02 4.188741721854304795e-02
6.180618333219654160e+05 7.282845913589608422e-01 9.133593453372241822e-01 1.304726007538416915e-02 4.321192052980132176e-02
6.166626654057727428e+05 7.260141916716291721e-01 9.105960354915499932e-01 1.354715509742954009e-02 4.486754966887417095e-02
6.153897877807420446e+05 7.239046082014327643e-01 9.080403032746620084e-01 1.410203857189990147e-02 4.670529801324503627e-02
6.142481289835592033e+05 7.219887945370950799e-01 9.057293536361924469e-01 1.486687795562931756e-02 4.923841059602648840e-02
6.132294241472682916e+05 7.202719336742553491e-01 9.036592293928326081e-01 1.574169424420871627e-02 5.213576158940397276e-02
6.123188608354296302e+05 7.187340258213708033e-01 9.018051053729908562e-01 1.662150948300856676e-02 5.504966887417218208e-02
6.115009589129301021e+05 7.173532891184747351e-01 9.001372311925036618e-01 1.742134151828116095e-02 5.769867549668874357e-02
6.107623774164345814e+05 7.161086427254216291e-01 8.986288930040060574e-01 1.804621029583787506e-02 5.976821192052979986e-02
6.100924849948635092e+05 7.149804494837733726e-01 8.972586297060042293e-01 1.837614101038781769e-02 6.086092715231788269e-02
6.094829184862351976e+05 7.139525558670495320e-01 8.960096478776479190e-01 1.840613471171054227e-02 6.096026490066225323e-02
6.089268980606078403e+05 7.130143066649448080e-01 8.948684007067052582e-01 1.862108957119005051e-02 6.167218543046357887e-02
6.084186470151003450e+05 7.121513100515831640e-01 8.938232970928179366e-01 1.872606752581957787e-02 6.201986754966887228e-02
6.079530165441472782e+05 7.113567612049711553e-01 8.928638605235117431e-01 1.893602343507863259e-02 6.271523178807947296e-02
6.075252955396667821e+05 7.106243276162690359e-01 8.919803248842519405e-01 1.907099509103088453e-02 6.316225165562913690e-02
6.071311440155053278e+05 7.099458173536140615e-01 8.911635315036586791e-01 1.927095309984903221e-02 6.382450331125827381e-02
6.067665901840517763e+05 7.093155462605651440e-01 8.904049842247464541e-01 1.962087961528079239e-02 6.498344370860927033e-02
6.064280493084525224e+05 7.087252943044176634e-01 8.896969579595074284e-01 1.992081662850801391e-02 6.597682119205297568e-02
6.061123413268644363e+05 7.081706849824067618e-01 8.890326002530509752e-01 2.025074734305795654e-02 6.706953642384105851e-02
6.058166974710067734e+05 7.076450666925159227e-01 8.884059979485536829e-01 2.055068435628518153e-02 6.806291390728476387e-02
6.055387532865842804e+05 7.071458077760328642e-01 8.878121998894544786e-01 2.068565601223743000e-02 6.850993377483444169e-02
6.052765285752369091e+05 7.066698502965846895e-01 8.872471956208207722e-01 2.078063606642605032e-02 6.882450331125827825e-02
6.050283959076511674e+05 7.062151568668332269e-01 8.867078539794025493e-01 2.092560562281920930e-02 6.930463576158940597e-02
6.047930398659968050e+05 7.057792263142351752e-01 8.861918276217749524e-01 2.102558462722828314e-02 6.963576158940397443e-02
6.045694096645871177e+05 7.053592478079393491e-01 8.856974314893324429e-01 2.111556573119644994e-02 6.993377483443709297e-02
6.043566683218200924e+05 7.049559588474780814e-01 8.852235051387089548e-01 2.123554053648733786e-02 7.033112582781457511e-02
6.041541419203812256e+05 7.045681855626950707e-01 8.847692702358018746e-01 2.129052898891233003e-02 7.051324503311258429e-02
6.039612724549678387e+05 7.041968733046333195e-01 8.843341946556299016e-01 2.135051639155777226e-02 7.071192052980132536e-02
6.037775772173807491e+05 7.038417362992220871e-01 8.839178732002910266e-01 2.138051009288049337e-02 7.081125827814568896e-02
6.036026166762716603e+05 7.035014744447272150e-01 8.835199321034472586e-01 2.143549854530548554e-02 7.099337748344371202e-02
6.034359715903976467e+05 7.031763143483026335e-01 8.831399608327795692e-01 2.148548804751002420e-02 7.115894039735098930e-02
6.032772289260599064e+05 7.028652788481475344e-01 8.827774710264000291e-01 2.146049329640775313e-02 7.107615894039735760e-02
6.031259752607828705e+05 7.025683290393369695e-01 8.824318794080348027e-01 2.137551114266003985e-02 7.079470198675497095e-02
6.029817958595117088e+05 7.022859542921715548e-01 8.821025096316916780e-01 2.119554893472370971e-02 7.019867549668874773e-02
6.028442775024974253e+05 7.020161648937017773e-01 8.817886072798519770e-01 2.098559302546465152e-02 6.950331125827814704e-02
6.027130133370627882e+05 7.017580960003489965e-01 8.814893624811569461e-01 2.092560562281920930e-02 6.930463576158940597e-02
6.025876083802345674e+05 7.015113400914525510e-01 8.812039354889262821e-01 2.075564131532378273e-02 6.874172185430463267e-02
6.024676847125064814e+05 7.012751222141220264e-01 8.809314817258840913e-01 2.067065916157606945e-02 6.846026490066224601e-02
6.023528857777984813e+05 7.010491870068229492e-01 8.806711739806584172e-01 2.066566021135561593e-02 6.844370860927152800e-02
6.022428795105875470e+05 7.008330947641334685e-01 8.804222204677631947e-01 2.056068225672608857e-02 6.809602649006622765e-02
6.021373602256621234e+05 7.006260010323817067e-01 8.801838782593228716e-01 2.043570850121474367e-02 6.768211920529801362e-02
6.020360493469737703e+05 7.004275619847607492e-01 8.799554621561630485e-01 2.035572529768748390e-02 6.741721854304635886e-02
6.019386951290714787e+05 7.002371055044425141e-01 8.797363494191303701e-01 2.029573789504204168e-02 6.721854304635761779e-02
6.018450715616561938e+05 7.000548027207820212e-01 8.795259809745733515e-01 2.022575259195568895e-02 6.698675496688741293e-02
6.017549766546814935e+05 6.998795299307440931e-01 8.793238597867389927e-01 2.013077253776706863e-02 6.667218543046357637e-02
6.016682302943771938e+05 6.997109238028913492e-01 8.791295470927039668e-01 2.016076623908978974e-02 6.677152317880795385e-02
6.015846718423664570e+05 6.995487737324084243e-01 8.789426571511076425e-01 2.017576308975115376e-02 6.682119205298013564e-02
6.015041576270454098e+05 6.993927297437990687e-01 8.787628510842822038e-01 2.008078303556253344e-02 6.650662251655628521e-02
6.014265584538001567e+05 6.992425704589095847e-01 8.785898303076169480e-01 2.006578618490116941e-02 6.645695364238410341e-02
6.013517572322393535e+05 6.990977050608001564e-01 8.784233299488377611e-01 2.009577988622389400e-02 6.655629139072848088e-02
6.012796467960467562e+05 6.989583638727429049e-01 8.782631125691829910e-01 2.005078933423980886e-02 6.640728476821192161e-02
6.012101279651003424e+05 6.988240570928871964e-01 8.781089624123713522e-01 2.004579038401935534e-02 6.639072847682118972e-02
6.011431078791734762e+05 6.986946084024722170e-01 8.779606803288766415e-01 2.000579878225572719e-02 6.625827814569536234e-02
6.010784986125940923e+05 6.985703320589421450e-01 8.778180794545874521e-01 1.994581137961028150e-02 6.605960264900662127e-02
6.010162160635914188e+05 6.984513166933534745e-01 8.776809816658577290e-01 1.994581137961028150e-02 6.605960264900662127e-02
6.009561790995638585e+05 6.983371533802379405e-01 8.775492147879460081e-01 1.994081242938982798e-02 6.604304635761588937e-02
6.008983089322658489e+05 6.982270795815653797e-01 8.774226105007291165e-01 1.992081662850801391e-02 6.597682119205297568e-02
6.008425286892569857e+05 6.981211489625538391e-01 8.773010028636096802e-01 1.989082292718529280e-02 6.587748344370861209e-02
6.007887631485498277e+05 6.980193549543267650e-01 8.771842273693571945e-01 1.980584077343757951e-02 6.559602649006622543e-02
6.007369386015580967e+05 6.979216903438898445e-01 8.770721204325764297e-01 1.976584917167394789e-02 6.546357615894039805e-02
6.006869828131003305e+05 6.978279573350680831e-01 8.769645192207597972e-01 1.972085861968986623e-02 6.531456953642383878e-02
6.006388250492631923e+05 6.977380248868840784e-01 8.768612617426638778e-01 1.966087121704442053e-02 6.511589403973509771e-02
6.005923961497367127e+05 6.976519817342028418e-01 8.767621871184196891e-01 1.962587856550124590e-02 6.500000000000000222e-02
6.005476286236593733e+05 6.975693672803492396e-01 8.766671359669435670e-01 1.959088591395806780e-02 6.488410596026490673e-02
6.005044567547086626e+05 6.974899885755800888e-01 8.765759508577867232e-01 1.957089011307625373e-02 6.481788079470199304e-02
6.004628167025317671e+05 6.974137552567494236e-01 8.764884767857010761e-01 1.953589746153307910e-02 6.470198675496688367e-02
6.004226465938270558e+05 6.973403053888641567e-01 8.764045616363984603e-01 1.951090271043080804e-02 6.461920529801325197e-02
6.003838865967033198e+05 6.972698020021171894e-01 8.763240566209056226e-01 1.945091530778536582e-02 6.442052980132449702e-02
6.003464789766633185e+05 6.972020150715928510e-01 8.762468166634390654e-01 1.942092160646264123e-02 6.432119205298013342e-02
6.003103681324108038e+05 6.971371746655413704e-01 8.761727007338456774e-01 1.940092580558082716e-02 6.425496688741721973e-02
6.002755006123313215e+05 6.970749951646587617e-01 8.761015721204512552e-01 1.938592895491946660e-02 6.420529801324503794e-02
6.002418251131601864e+05 6.970153727305341551e-01 8.760332986427897817e-01 1.934593735315583846e-02 6.407284768211921056e-02
6.002092924617141252e+05 6.969579898163843490e-01 8.759677528062946861e-01 1.931594365183311388e-02 6.397350993377483308e-02
6.001778555831469130e+05 6.969028096723269838e-01 8.759048119028218782e-01 1.934593735315583846e-02 6.407284768211921056e-02
6.001474694570091087e+05 6.968498140043616340e-01 8.758443580619820201e-01 1.931594365183311388e-02 6.397350993377483308e-02
6.001180910638027126e+05 6.967988561900791966e-01 8.757862782588464734e-01 1.930594575139220684e-02 6.394039735099338317e-02
6.000896793240985135e+05 6.967498060226429146e-01 8.757304642838016351e-01 1.931594365183311388e-02 6.397350993377483308e-02
6.000621950316114817e+05 6.967023063520425552e-01 8.756768126802361163e-01 1.929094890073084628e-02 6.389072847682118750e-02
6.000356007832683390e+05 6.966563361709237068e-01 8.756252246554775409e-01 1.926595414962857869e-02 6.380794701986755579e-02
6.000098609058239963e+05 6.966120362306541525e-01 8.755756059699959515e-01 1.926595414962857869e-02 6.380794701986755579e-02
5.999849413819875335e+05 6.965694762910609183e-01 8.755278668094230721e-01 1.925595624918767165e-02 6.377483443708609201e-02
5.999608097760162782e+05 6.965284667848172795e-01 8.754819216434349682e-01 1.927595205006948573e-02 6.384105960264900570e-02
5.999374351602289826e+05 6.964888510311999514e-01 8.754376890750518170e-01 1.931094470161266036e-02 6.395695364238410119e-02
5.999147880427094642e+05 6.964505473978137573e-01 8.753950916834132290e-01 1.928594995051039276e-02 6.387417218543046948e-02
5.998928402966564754e+05 6.964136574334777174e-01 8.753540558626424772e-01 1.924095939852631110e-02 6.372516556291391021e-02
5.998715650924909860e+05 6.963779890557698637e-01 8.753145116589916563e-01 1.921096569720358652e-02 6.362582781456953274e-02
5.998509368318766356e+05 6.963435574200370626e-01 8.752763926080857626e-01 1.917097409543995837e-02 6.349337748344370536e-02
5.998309310848386958e+05 6.963103912265935502e-01 8.752396355737482869e-01 1.912598354345587323e-02 6.334437086092714608e-02
5.998115245295973727e+05 6.962784001732507111e-01 8.752041805895977022e-01 1.914098039411723379e-02 6.339403973509934176e-02
