4.692710672348949127e+06 1.599231585106356990e+00 1.958356706217120546e+00 4.959458513712120681e-02 1.642549668874172253e-01
1.051076513118046103e+06 8.660630372391094900e-01 1.116056292869851641e+00 2.844902570460203228e-02 9.422185430463575484e-02
7.206958291771973018e+05 7.861044141039993383e-01 9.970256509689117141e-01 2.119054998450325272e-02 7.018211920529801584e-02
6.652381447091783630e+05 7.617395572987112340e-01 9.600892132190859130e-01 1.602163545655412372e-02 5.306291390728477136e-02
6.453994112523192307e+05 7.513026957427904051e-01 9.444689012989635479e-01 1.363213725117725338e-02 4.514900662251655761e-02
6.360165713958455017e+05 7.457945304189607105e-01 9.364794364691203521e-01 1.344217714280001273e-02 4.451986754966887755e-02
6.307995300768339075e+05 7.424133119402774872e-01 9.317370725875248061e-01 1.285230101678647499e-02 4.256622516556291674e-02
6.275308627786809811e+05 7.400719688805111884e-01 9.284896518241529950e-01 1.219743853790703977e-02 4.039735099337748297e-02
6.252497035516363103e+05 7.381647561301889482e-01 9.259069274646994918e-01 1.187750572379800244e-02 3.933774834437086393e-02
6.234747597977340920e+05 7.363711103607495367e-01 9.235416791007503567e-01 1.180752042071164971e-02 3.910596026490065907e-02
6.219432671865316806e+05 7.345088109234757523e-01 9.211467064759303325e-01 1.101268733565951077e-02 3.647350993377483641e-02
6.205154421736293007e+05 7.325004984187224455e-01 9.186185572401924793e-01 1.107767368852540998e-02 3.668874172185430244e-02
6.191359552671953570e+05 7.303665727927226570e-01 9.159753445826879226e-01 1.149758550704352116e-02 3.807947019867549687e-02
6.178071597202124540e+05 7.281931119335217639e-01 9.133185314080859429e-01 1.206246688195478957e-02 3.995033112582781210e-02
6.165579001879574498e+05 7.260870368714370526e-01 9.107708233056289737e-01 1.282230731546375214e-02 4.246688741721854621e-02
6.154145614910851000e+05 7.241346331565555738e-01 9.084210935697423217e-01 1.364713410183861393e-02 4.519867549668873941e-02
6.143869147919099778e+05 7.223697794427912378e-01 9.063045756024155075e-01 1.450195458953619683e-02 4.802980132450331008e-02
6.134693500759303570e+05 7.207917562211013651e-01 9.044141136015328986e-01 1.508683176532928105e-02 4.996688741721854593e-02
6.126483180224294774e+05 7.193778061917028843e-01 9.027211642411592241e-01 1.516181601863608557e-02 5.021523178807946880e-02
6.119086317896597320e+05 7.181065158691170014e-01 9.011921533252761352e-01 1.427200287939532630e-02 4.726821192052980264e-02
6.112367531305180164e+05 7.169518248538342409e-01 8.997971299482235841e-01 1.382209735955449402e-02 4.577814569536423767e-02
6.106218846560007660e+05 7.158927538480833741e-01 8.985128185086058705e-01 1.376210995690904833e-02 4.557947019867549659e-02
6.100559381281610113e+05 7.149152535053900914e-01 8.973226421610355219e-01 1.381709840933404050e-02 4.576158940397351271e-02
6.095330365904892096e+05 7.140080221736664345e-01 8.962154229949015338e-01 1.400205956749082763e-02 4.637417218543046088e-02
6.090488875700414646e+05 7.131612634348396540e-01 8.951837048432146338e-01 1.396706691594765126e-02 4.625827814569536539e-02
6.086002001499366015e+05 7.123697420468098063e-01 8.942221970458041902e-01 1.383709421021585458e-02 4.582781456953642640e-02
6.081842309618830914e+05 7.116307627555299442e-01 8.933265774350085398e-01 1.371711940492496493e-02 4.543046357615893732e-02
6.077984848566940054e+05 7.109406611282784727e-01 8.924927218821137043e-01 1.368712570360224381e-02 4.533112582781456679e-02
6.074405544887194410e+05 7.102978942448660016e-01 8.917163152870878351e-01 1.369212465382269733e-02 4.534768211920529868e-02
6.071080611633615335e+05 7.096984061945702527e-01 8.909927415609990575e-01 1.371711940492496493e-02 4.543046357615893732e-02
6.067986557849084493e+05 7.091378240005751232e-01 8.903171404111537290e-01 1.376210995690904833e-02 4.557947019867549659e-02
6.065100469360863790e+05 7.086123640582476790e-01 8.896845391920467083e-01 1.381209945911358698e-02 4.574503311258278082e-02
6.062400351463127881e+05 7.081196474664963603e-01 8.890899994503446147e-01 1.383209525999540106e-02 4.581125827814569451e-02
6.059865429091032129e+05 7.076549240798061247e-01 8.885287465334689161e-01 1.383709421021585458e-02 4.582781456953642640e-02
6.057476369729080470e+05 7.072134935242203602e-01 8.879962708931650184e-01 1.386208896131812390e-02 4.591059602649006505e-02
6.055215430698867422e+05 7.067928372149483440e-01 8.874884011859442978e-01 1.396206796572719774e-02 4.624172185430463350e-02
6.053066546201129677e+05 7.063884163639660985e-01 8.870013541535743951e-01 1.404205116925445578e-02 4.650662251655628826e-02
6.051015370750221191e+05 7.059989292163921792e-01 8.865317671492491947e-01 1.406704592035672510e-02 4.658940397350993384e-02
6.049049291625450132e+05 7.056218253619588321e-01 8.860767180901926166e-01 1.416702492476579894e-02 4.692052980132450229e-02
6.047157417585504008e+05 7.052540343513536980e-01 8.856337358651772407e-01 1.422701232741124290e-02 4.711920529801324337e-02
6.045330546321622096e+05 7.048947940978749216e-01 8.852008025284833215e-01 1.435698503314303959e-02 4.754966887417218235e-02
6.043561109758131206e+05 7.045434577992073510e-01 8.847763473262216793e-01 1.440697453534757651e-02 4.771523178807947352e-02
6.041843094668202102e+05 7.041978638257979650e-01 8.843592318737648617e-01 1.450195458953619683e-02 4.802980132450331008e-02
6.040171936105630593e+05 7.038588053904634156e-01 8.839487256600873089e-01 1.445196508733165991e-02 4.786423841059602585e-02
6.038544382689830381e+05 7.035252713651157785e-01 8.835444714378928310e-01 1.446696193799302220e-02 4.791390728476821459e-02
6.036958335394948954e+05 7.031967955518848568e-01 8.831464408390080623e-01 1.438697873446576243e-02 4.764900662251655289e-02
6.035412664606961189e+05 7.028727595695755115e-01 8.827548815470898091e-01 1.432699133182031848e-02 4.745033112582781182e-02
6.033907013146920362e+05 7.025538148062768773e-01 8.823702583466351834e-01 1.427200287939532630e-02 4.726821192052980264e-02
6.032441595083003631e+05 7.022409204412558559e-01 8.819931911379662592e-01 1.424200917807260519e-02 4.716887417218543210e-02
6.031017000991017558e+05 7.019350922160094708e-01 8.816243934018851425e-01 1.430699553093850267e-02 4.738410596026489813e-02
6.029634019713365706e+05 7.016368757540941692e-01 8.812646145397293740e-01 1.430199658071804915e-02 4.736754966887417317e-02
6.028293484755230602e+05 7.013469164778591836e-01 8.809145890271057322e-01 1.430699553093850267e-02 4.738410596026489813e-02
6.026996150643469300e+05 7.010651061806233431e-01 8.805749945102384624e-01 1.434698713270213255e-02 4.751655629139072551e-02
6.025742601416271646e+05 7.007924903582002374e-01 8.802464200008877082e-01 1.441697243578848528e-02 4.774834437086093036e-02
6.024533190466191154e+05 7.005292734365984320e-01 8.799293443556570615e-01 1.442197138600893880e-02 4.776490066225165532e-02
6.023368008591956459e+05 7.002755868589239929e-01 8.796241243951539168e-01 1.445196508733165991e-02 4.786423841059602585e-02
6.022246875583570218e+05 7.000322392517974723e-01 8.793309914129960880e-01 1.449695563931574331e-02 4.801324503311258513e-02
6.021169349961292464e+05 6.997988602263540692e-01 8.790500544724954013e-01 1.455694304196118900e-02 4.821192052980132620e-02
6.020134751507112524e+05 6.995750589074073433e-01 8.787813087713552962e-01 1.470691154857479976e-02 4.870860927152317887e-02
6.019142191738068359e+05 6.993609952723318646e-01 8.785246474233568970e-01 1.470691154857479976e-02 4.870860927152317887e-02
6.018190608301096363e+05 6.991561450376225784e-01 8.782798752001570453e-01 1.475690105077933668e-02 4.887417218543046310e-02
6.017278800185987493e+05 6.989606958213605559e-01 8.780467230375503807e-01 1.484188320452704997e-02 4.915562913907284975e-02
6.016405461553544737e+05 6.987743783520240504e-01 8.778248623911083515e-01 1.488687375651113337e-02 4.930463576158940209e-02
6.015569212744544493e+05 6.985973701975598527e-01 8.776139187923465146e-01 1.495685905959748437e-02 4.953642384105960000e-02
6.014768627688458655e+05 6.984287026490394457e-01 8.774134841883977076e-01 1.493686325871567029e-02 4.947019867549668631e-02
6.014002257380969822e+05 6.982681286204015514e-01 8.772231278366544593e-01 1.485188110496795701e-02 4.918874172185430660e-02
6.013268649450364755e+05 6.981155972202474080e-01 8.770424056698771231e-01 1.475690105077933668e-02 4.887417218543046310e-02
6.012566364039926557e+05 6.979703173522526782e-01 8.768708681506302005e-01 1.461693044460663296e-02 4.841059602649006727e-02
6.011893986360606505e+05 6.978319289935795977e-01 8.767080667028498420e-01 1.439197768468621595e-02 4.766556291390728478e-02
6.011250136320972815e+05 6.977004314412229569e-01 8.765535588498294395e-01 1.422701232741124290e-02 4.711920529801324337e-02
6.010633475667905295e+05 6.975754148337016680e-01 8.764069122086652897e-01 1.414702912388398487e-02 4.685430463576158860e-02
6.010042713029646548e+05 6.974563684177135237e-01 8.762677074970981472e-01 1.399206166704991885e-02 4.634105960264900403e-02
6.009476607249433873e+05 6.973433186897730618e-01 8.761355407045343657e-01 1.392707531418402138e-02 4.612582781456953801e-02
6.008933969330162508e+05 6.972359571250333898e-01 8.760100245685968900e-01 1.383209525999540106e-02 4.581125827814569451e-02
6.008413663280702895e+05 6.971340989722407677e-01 8.758907894846309494e-01 1.373211625558632722e-02 4.548013245033112606e-02
6.007914606100571109e+05 6.970372533382089841e-01 8.757774839601774053e-01 1.365213305205906745e-02 4.521523178807947130e-02
6.007435767115810886e+05 6.969453422946784160e-01 8.756697747108787011e-01 1.360714250007498405e-02 4.506622516556291203e-02
6.006976166814682074e+05 6.968579293680495779e-01 8.755673464794569982e-01 1.354715509742954009e-02 4.486754966887417095e-02
6.006534875339346472e+05 6.967749964952034691e-01 8.754699016458147298e-01 1.354215614720908657e-02 4.485099337748344600e-02
6.006111010719008045e+05 6.966961580948308752e-01 8.753771596842028213e-01 1.353215824676817954e-02 4.481788079470198916e-02
6.005703736949489685e+05 6.966212472998708494e-01 8.752888565128367215e-01 1.344717609302046625e-02 4.453642384105960250e-02
6.005312261969606625e+05 6.965498212069546335e-01 8.752047437723174950e-01 1.343217924235910396e-02 4.448675496688741376e-02
6.004935835601625731e+05 6.964818091386389964e-01 8.751245880615806660e-01 1.339218764059547581e-02 4.435430463576158638e-02
6.004573747479948215e+05 6.964167921580461940e-01 8.750481701537631274e-01 1.337719078993411352e-02 4.430463576158940459e-02
6.004225325010094093e+05 6.963549270190294571e-01 8.749752842091446103e-01 1.340718449125683637e-02 4.440397350993377512e-02
6.003889931372730061e+05 6.962961049251620294e-01 8.749057369980782761e-01 1.336219393927275297e-02 4.425496688741721585e-02
6.003566963588424260e+05 6.962399932773296607e-01 8.748393471433842938e-01 1.337219183971366000e-02 4.428807947019867269e-02
6.003255850656758994e+05 6.961862639116042084e-01 8.747759443889511211e-01 1.343217924235910396e-02 4.448675496688741376e-02
6.002956051775935339e+05 6.961346342045703350e-01 8.747153688991226028e-01 1.342218134191819692e-02 4.445364238410595692e-02
6.002667054641727591e+05 6.960852636209484690e-01 8.746574705917528059e-01 1.341718239169774340e-02 4.443708609271523197e-02
6.002388373834213708e+05 6.960381316828355702e-01 8.746021085065109890e-01 1.339218764059547581e-02 4.435430463576158638e-02
6.002119549287416739e+05 6.959931569033952492e-01 8.745491502090156910e-01 1.338718869037502056e-02 4.433774834437086143e-02
6.001860144843297312e+05 6.959502982452759889e-01 8.744984712306314023e-01 1.335219603883184593e-02 4.422185430463575900e-02
6.001609746885700151e+05 6.959092891407405723e-01 8.744499545432198317e-01 1.331220443706821605e-02 4.408940397350993162e-02
6.001367963054680731e+05 6.958700337128996827e-01 8.744034900677296607e-01 1.332220233750912308e-02 4.412251655629138847e-02
6.001134421032269020e+05 6.958325857915751422e-01 8.743589742152607647e-01 1.334719708861139241e-02 4.420529801324503405e-02
6.000908767402804224e+05 6.957965251983984079e-01 8.743163094590505890e-01 1.334719708861139241e-02 4.420529801324503405e-02
6.000690666581004625e+05 6.957618117390154122e-01 8.742754039357322204e-01 1.334719708861139241e-02 4.420529801324503405e-02
6.000479799801511690e+05 6.957284458270495131e-01 8.742361710741759495e-01 1.338218974015456704e-02 4.432119205298012954e-02
6.000275864171747817e+05 6.956965096646289259e-01 8.741985292502173488e-01 1.335719498905229945e-02 4.423841059602649090e-02
