4.412027023415544070e+06 1.446649140009984347e+00 1.803403905921056705e+00 4.663520660661261280e-02 1.544536423841059714e-01
8.532600140152999666e+05 8.486802987919386254e-01 1.095588460715089862e+00 2.817908239269753187e-02 9.332781456953642696e-02
5.719539979230400641e+05 7.756383604286257727e-01 9.878347670502487521e-01 2.355005448855740369e-02 7.799668874172185906e-02
5.213684604761193041e+05 7.522181455587830801e-01 9.531169948616354803e-01 2.035572529768748390e-02 6.741721854304635886e-02
5.021036667440404417e+05 7.412055562036490297e-01 9.371392974958427935e-01 1.857609901920596537e-02 6.152317880794701960e-02
4.917110626854982111e+05 7.341745947207410916e-01 9.273641602216584623e-01 1.789124283900380905e-02 5.925496688741721529e-02
4.846321793802450993e+05 7.286177895450665076e-01 9.199389645279839600e-01 1.870107277471731028e-02 6.193708609271523363e-02
4.790936135647317860e+05 7.237807472959220112e-01 9.136931768846684454e-01 1.982583657431939358e-02 6.566225165562913912e-02
4.745018053683226462e+05 7.195193449748870096e-01 9.083191608204288503e-01 2.093560352326011634e-02 6.933774834437085588e-02
4.706018683934272267e+05 7.157430555123636129e-01 9.036482034879765868e-01 2.183541456294178090e-02 7.231788079470198582e-02
4.672081158048866782e+05 7.123670367492483946e-01 8.994940888985796246e-01 2.283020565681206926e-02 7.561258278145695233e-02
4.641736395004443475e+05 7.092735466767360331e-01 8.957000461918019907e-01 2.353505763789604313e-02 7.794701986754966339e-02
4.614001204687232384e+05 7.063917476106615911e-01 8.921705997995126314e-01 2.405994741104367993e-02 7.968543046357616511e-02
4.588308348995316192e+05 7.036818946735424740e-01 8.888626094177083381e-01 2.432989072294818034e-02 8.057947019867549299e-02
4.564352352762090741e+05 7.011294266866306968e-01 8.857631190654439157e-01 2.458983613441177371e-02 8.144039735099337096e-02
4.541958193125545513e+05 6.987273731801972865e-01 8.828710237194403732e-01 2.502474480359124717e-02 8.288079470198675414e-02
4.521002693517101579e+05 6.964776859834235223e-01 8.801864614238125162e-01 2.535467551814118981e-02 8.397350993377483697e-02
4.501378473537861137e+05 6.943858542254823796e-01 8.777063566426278607e-01 2.541966187100708902e-02 8.418874172185430993e-02
4.482982770209572627e+05 6.924460876631060025e-01 8.754237599837766393e-01 2.531968286659801518e-02 8.385761589403974148e-02
4.465717910112880636e+05 6.906534951943412715e-01 8.733290530069122148e-01 2.529468811549574758e-02 8.377483443708609590e-02
4.449494996627186774e+05 6.889981009675938406e-01 8.714115519941193488e-01 2.531468391637756166e-02 8.384105960264900959e-02
4.434236162440718617e+05 6.874787357459072323e-01 8.696606429757282042e-01 2.534967656792073629e-02 8.395695364238410507e-02
4.419874059034466627e+05 6.860894339909417994e-01 8.680662232765617992e-01 2.526969336439347652e-02 8.369205298013245031e-02
4.406349434127313434e+05 6.848236045563594887e-01 8.666186477039279357e-01 2.532468181681846869e-02 8.387417218543045949e-02
4.393608297057053423e+05 6.836721961563315686e-01 8.653084943771283122e-01 2.546465242299117068e-02 8.433774834437085532e-02
4.381599766840636148e+05 6.826304603866457654e-01 8.641263803463300475e-01 2.557962827806160855e-02 8.471854304635761945e-02
4.370274978264527745e+05 6.816874763447964281e-01 8.630629163346368316e-01 2.560962197938432966e-02 8.481788079470198305e-02
4.359586880246661603e+05 6.808356169606448738e-01 8.621087852260259643e-01 2.557462932784115503e-02 8.470198675496688756e-02
4.349490541658080765e+05 6.800677416700526834e-01 8.612548850718619864e-01 2.551464192519570934e-02 8.450331125827814649e-02
4.339943604967396241e+05 6.793788892665640899e-01 8.604924788523512502e-01 2.557462932784115503e-02 8.470198675496688756e-02
4.330906658729714691e+05 6.787612114987576772e-01 8.598133144809412265e-01 2.551464192519570934e-02 8.450331125827814649e-02
4.322343432930847630e+05 6.782093635782624474e-01 8.592097009797674545e-01 2.561961987982523670e-02 8.485099337748344683e-02
4.314220811745609390e+05 6.777156183741800399e-01 8.586745422105716008e-01 2.574459363533657813e-02 8.526490066225166087e-02
4.306508702796110883e+05 6.772727258025054153e-01 8.582013370992735979e-01 2.574959258555703165e-02 8.528145695364237888e-02
4.299179814078899217e+05 6.768763540628927045e-01 8.577841571406689125e-01 2.583457473930474493e-02 8.556291390728476554e-02
4.292209384605700034e+05 6.765220814987564779e-01 8.574176107359188226e-01 2.583457473930474493e-02 8.556291390728476554e-02
4.285574903316433192e+05 6.762073369553579516e-01 8.570968015435638243e-01 2.588956319172973711e-02 8.574503311258277471e-02
4.279255838919672533e+05 6.759238692049032160e-01 8.568172856209771426e-01 2.605952749922516368e-02 8.630794701986754802e-02
4.273233393518055673e+05 6.756692416100772425e-01 8.565750301759262886e-01 2.606952539966607071e-02 8.634105960264901181e-02
4.267490285737435333e+05 6.754441010015436175e-01 8.563663753480313945e-01 2.610451805120924534e-02 8.645695364238410729e-02
4.262010564399538562e+05 6.752432804900845298e-01 8.561879995355764494e-01 2.614950860319333048e-02 8.660596026490066657e-02
4.256779450977048255e+05 6.750661000227532460e-01 8.560368882560829285e-01 2.617950230451605159e-02 8.670529801324503016e-02
4.251783207624020288e+05 6.749107777571795586e-01 8.559103062613528934e-01 2.609951910098879183e-02 8.644039735099337540e-02
4.247009027048184071e+05 6.747771480396923538e-01 8.558057725237390168e-01 2.613951070275242344e-02 8.657284768211920278e-02
4.242444940505710547e+05 6.746614577021445847e-01 8.557210377007817836e-01 2.622949180672059025e-02 8.687086092715232133e-02
4.238079740518001490e+05 6.745628317744052360e-01 8.556540637235188207e-01 2.636946241289329224e-02 8.733443708609271716e-02
4.233902915395305026e+05 6.744784407806418969e-01 8.556030052106671224e-01 2.643444876575919145e-02 8.754966887417219013e-02
4.229904593139482895e+05 6.744059162549070896e-01 8.555661924697673948e-01 2.640945401465692038e-02 8.746688741721854454e-02
4.226075492782436195e+05 6.743447203579941984e-01 8.555421158987263075e-01 2.645944351686145904e-02 8.763245033112582183e-02
4.222406881631677388e+05 6.742944387901926850e-01 8.555294116435988583e-01 2.644944561642055200e-02 8.759933774834437192e-02
4.218890537243207800e+05 6.742539350914897867e-01 8.555268484005277285e-01 2.646444246708191256e-02 8.764900662251655372e-02
4.215518713223864906e+05 6.742224447304430157e-01 8.555333152726057877e-01 2.643944771597964497e-02 8.756622516556290814e-02
4.212284108177297749e+05 6.741973100309699429e-01 8.555478106078537870e-01 2.641445296487737737e-02 8.748344370860927643e-02
4.209179837286365801e+05 6.741784247122182272e-01 8.555694317543818261e-01 2.646944141730236608e-02 8.766556291390728561e-02
