5.502879519024585607e+05 3.513143189447795578e+00 3.687499548110768632e+00 1.649917504124793696e-02 3.495762711864406486e-02
4.740790694718327723e+05 2.477145636868993250e+00 2.739734080632850954e+00 8.769561521923903424e-02 1.858050847457627108e-01
1.915309268812630326e+05 1.268801450146290977e+00 1.615706621436785229e+00 7.084645767711614250e-02 1.501059322033898302e-01
1.055220214840561966e+05 9.911114774720177767e-01 1.286086503584447982e+00 5.164741762911854300e-02 1.094279661016949179e-01
8.371176492421005969e+04 8.904156384054050521e-01 1.150748282561053548e+00 4.294785260736962845e-02 9.099576271186440857e-02
7.523763223491387907e+04 8.435193080565914769e-01 1.083233643625687748e+00 4.014799260036998330e-02 8.506355932203389647e-02
7.108499580224612146e+04 8.175320673790599235e-01 1.045008749790763192e+00 4.034798260086995547e-02 8.548728813559322570e-02
6.872734112726106832e+04 8.016525226184716413e-01 1.021254676136399198e+00 3.939803009849507376e-02 8.347457627118644308e-02
6.723953169734204130e+04 7.912534038741781961e-01 1.005342756879993749e+00 3.944802759862006680e-02 8.358050847457626498e-02
6.622055288114788709e+04 7.838790724202995275e-01 9.939921921653498416e-01 3.924803759812009463e-02 8.315677966101694962e-02
6.547541562108629296e+04 7.782956533444475022e-01 9.854497445136300993e-01 3.889805509724513638e-02 8.241525423728814082e-02
6.490069828712958406e+04 7.738648957290431563e-01 9.787192308368818372e-01 3.874806259687015725e-02 8.209745762711864736e-02
6.443762849425572495e+04 7.702172666334164974e-01 9.732064777154397772e-01 3.859807009649517812e-02 8.177966101694915391e-02
6.405094242694664717e+04 7.671241610392084409e-01 9.685439202097306799e-01 3.854807259637017813e-02 8.167372881355931813e-02
6.371859131143603008e+04 7.643998013674611069e-01 9.644983539341012158e-01 3.879806009699515029e-02 8.220338983050846926e-02
6.342636650870851736e+04 7.619801626503710512e-01 9.609194106081166975e-01 3.844807759612019205e-02 8.146186440677966045e-02
6.316490012605783704e+04 7.598098455445873034e-01 9.577090189363736128e-01 3.854807259637017813e-02 8.167372881355931813e-02
6.292788414460811327e+04 7.578322214281008051e-01 9.548022883589240006e-01 3.829808509574521291e-02 8.114406779661016700e-02
6.271095772859283898e+04 7.560225461681301384e-01 9.521550583488146424e-01 3.744812759362031729e-02 7.934322033898305593e-02
6.251099061718915618e+04 7.543519766214147326e-01 9.497356799944449701e-01 3.639818009099544949e-02 7.711864406779661563e-02
6.232562043573280243e+04 7.528043761937363021e-01 9.475197007141147321e-01 3.649817509124543558e-02 7.733050847457627330e-02
6.215296183115074382e+04 7.513721958425721992e-01 9.454866196680974388e-01 3.694815259237037991e-02 7.828389830508473979e-02
6.199143309205428523e+04 7.500267428048877916e-01 9.436181003592751804e-01 3.729813509324533816e-02 7.902542372881356247e-02
6.183966028822858061e+04 7.487912331239420238e-01 9.418971464974359442e-01 3.749812509374531033e-02 7.944915254237287783e-02
6.169642885570136423e+04 7.476462339685028269e-01 9.403078488538550994e-01 3.789810509474526162e-02 8.029661016949152241e-02
6.156066110787014622e+04 7.465658879922643099e-01 9.388354154895178771e-01 3.844807759612019205e-02 8.146186440677966045e-02
6.143140568507801072e+04 7.455520429415322115e-01 9.374662978838528282e-01 3.809809509524524074e-02 8.072033898305085164e-02
6.130783095920131746e+04 7.445917745493304540e-01 9.361883084138202804e-01 3.829808509574521291e-02 8.114406779661016700e-02
6.118921858759764291e+04 7.436744855320996939e-01 9.349906836227874773e-01 3.859807009649517812e-02 8.177966101694915391e-02
6.107495590974320658e+04 7.428012338326178687e-01 9.338640835673667207e-01 3.889805509724513638e-02 8.241525423728814082e-02
6.096452712690877524e+04 7.419631958639122393e-01 9.328005355204831428e-01 3.949802509874505985e-02 8.368644067796610075e-02
6.085750367520973668e+04 7.411582428412136769e-01 9.317933367755477647e-01 3.979801009949502505e-02 8.432203389830508766e-02
6.075353427356855536e+04 7.403827592238900746e-01 9.308369315356630480e-01 4.049797510124493460e-02 8.580508474576270528e-02
6.065233504234324937e+04 7.396372612725021778e-01 9.299267744600381302e-01 4.069796510174491372e-02 8.622881355932203451e-02
6.055367997220209509e+04 7.389224719193400182e-01 9.290591903979408261e-01 4.084795760211989285e-02 8.654661016949152796e-02
6.045739192698419356e+04 7.382351517483494163e-01 9.282312370965268844e-01 4.104794760261987197e-02 8.697033898305084332e-02
6.036333429929174599e+04 7.375723337071717900e-01 9.274405755109660365e-01 4.149792510374480936e-02 8.792372881355932368e-02
6.027140339712880086e+04 7.369346841319520669e-01 9.266853507513986843e-01 4.179791010449477456e-02 8.855932203389831059e-02
6.018152161365420034e+04 7.363157582793776745e-01 9.259640855393871384e-01 4.199790010499475368e-02 8.898305084745762594e-02
6.009363141155076300e+04 7.357179003880275348e-01 9.252755871777645913e-01 4.194790260486975370e-02 8.887711864406779017e-02
6.000769013371503388e+04 7.351382169967817237e-01 9.246188683581478829e-01 4.209789510524473977e-02 8.919491525423728362e-02
5.992366563107650290e+04 7.345840172574663596e-01 9.239930815784679341e-01 4.219789010549472585e-02 8.940677966101695517e-02
5.984153267697330739e+04 7.340501455131520636e-01 9.233974664917640185e-01 4.249787510624469106e-02 9.004237288135592820e-02
5.976127011731719540e+04 7.335407665618671746e-01 9.228313091513415944e-01 4.244787760611969107e-02 8.993644067796610631e-02
5.968285868859130278e+04 7.330484595099542311e-01 9.222939118588159291e-01 4.264786760661967019e-02 9.036016949152542166e-02
5.960627942325570621e+04 7.325782727536100936e-01 9.217845721625538280e-01 4.264786760661967019e-02 9.036016949152542166e-02
5.953151255495586520e+04 7.321302039097341563e-01 9.213025694909658947e-01 4.269786510674466323e-02 9.046610169491525744e-02
5.945853683423819166e+04 7.317065570046089595e-01 9.208471579275666619e-01 4.289785510724463541e-02 9.088983050847457279e-02
5.938732916866000596e+04 7.313067867830058688e-01 9.204175637266299725e-01 4.269786510674466323e-02 9.046610169491525744e-02
5.931786450805946515e+04 7.309273019662013704e-01 9.200129863104228312e-01 4.279786010699464932e-02 9.067796610169491511e-02
5.925011590532442642e+04 7.305685003966263524e-01 9.196326016617855093e-01 4.269786510674466323e-02 9.046610169491525744e-02
5.918405469389447535e+04 7.302297913767541448e-01 9.192755672113870347e-01 4.299785010749462844e-02 9.110169491525423047e-02
5.911965073445341841e+04 7.299092571200987978e-01 9.189410275027315445e-01 4.294785260736962845e-02 9.099576271186440857e-02
5.905687269404953258e+04 7.296038063948137031e-01 9.186281200891491805e-01 4.309784510774461452e-02 9.131355932203390202e-02
5.899568833060046018e+04 7.293136859427421514e-01 9.183359812686340273e-01 4.329783510824458670e-02 9.173728813559321738e-02
5.893606476407433365e+04 7.290425523000038099e-01 9.180637513909042369e-01 4.314784260786960757e-02 9.141949152542372392e-02
5.887796872252011963e+04 7.287917745170785500e-01 9.178105795754956109e-01 4.309784510774461452e-02 9.131355932203390202e-02
5.882136675649417157e+04 7.285546078673549308e-01 9.175756277610603862e-01 4.309784510774461452e-02 9.131355932203390202e-02
5.876622541948951402e+04 7.283315062820397978e-01 9.173580740665555622e-01 4.299785010749462844e-02 9.110169491525423047e-02
5.871251141481446393e+04 7.281213448051875314e-01 9.171571154875467480e-01 4.334783260836957974e-02 9.184322033898305315e-02
5.866019171126511355e+04 7.279243637029551017e-01 9.169719699786150757e-01 4.364781760911954495e-02 9.247881355932204006e-02
5.860923363106392935e+04 7.277422724477855542e-01 9.168018779888887915e-01 4.354782260886955886e-02 9.226694915254236851e-02
5.855960491405523499e+04 7.275770472903823061e-01 9.166461035248772982e-01 4.339783010849457279e-02 9.194915254237287505e-02
5.851127376226631895e+04 7.274257998590881735e-01 9.165039348155284982e-01 4.339783010849457279e-02 9.194915254237287505e-02
5.846420886876958684e+04 7.272846332273296133e-01 9.163746846508104005e-01 4.354782260886955886e-02 9.226694915254236851e-02
5.841837943441337848e+04 7.271503742194670439e-01 9.162576904587862447e-01 4.314784260786960757e-02 9.141949152542372392e-02
5.837375517556143313e+04 7.270248140767765488e-01 9.161523141783542989e-01 4.284785760711964236e-02 9.078389830508475089e-02
5.833030632547869027e+04 7.269094003141959304e-01 9.160579419765148002e-01 4.279786010699464932e-02 9.067796610169491511e-02
5.828800363151431520e+04 7.268016902272877999e-01 9.159739838508281773e-01 4.254787260636968410e-02 9.014830508474576398e-02
5.824681834978815459e+04 7.267023216214465453e-01 9.158998731500715973e-01 4.239788010599469803e-02 8.983050847457627053e-02
5.820672223869884328e+04 7.266120448339893345e-01 9.158350660392454712e-01 4.234788260586970499e-02 8.972457627118643475e-02
5.816768755218429578e+04 7.265285553864451185e-01 9.157790409291164391e-01 4.209789510524473977e-02 8.919491525423728362e-02
5.812968703340971842e+04 7.264522007579349294e-01 9.157312978854612595e-01 4.174791260436978152e-02 8.845338983050847481e-02
5.809269390928497160e+04 7.263851479848518755e-01 9.156913580290471089e-01 4.144792760361981632e-02 8.781779661016948790e-02
5.805668188606022159e+04 7.263264545809747785e-01 9.156587629340711132e-01 4.144792760361981632e-02 8.781779661016948790e-02
5.802162514606840705e+04 7.262727666526201942e-01 9.156330740301990012e-01 4.109794510274486501e-02 8.707627118644067910e-02
5.798749834557834401e+04 7.262246533634194590e-01 9.156138720113899954e-01 4.074796260186990676e-02 8.633474576271187029e-02
5.795427661367714609e+04 7.261820552602664680e-01 9.156007562532468835e-01 4.044797760111994156e-02 8.569915254237288338e-02
5.792193555201910931e+04 7.261467349349035594e-01 9.155933442396352318e-01 4.029798510074496243e-02 8.538135593220338992e-02
5.789045123525324743e+04 7.261168524629527665e-01 9.155912709986315789e-01 4.014799260036998330e-02 8.506355932203389647e-02
5.785980021193792345e+04 7.260920280914007208e-01 9.155941885474663255e-01 3.969801509924503896e-02 8.411016949152542999e-02
5.782995950576835457e+04 7.260711716798805559e-01 9.156017653459154193e-01 3.934803259837008071e-02 8.336864406779660730e-02
5.780090661689548142e+04 7.260541421230464199e-01 9.156136857575354338e-01 3.929803509824508767e-02 8.326271186440678540e-02
