4.578617539351370186e+06 1.506170110845145738e+00 1.863021483083495689e+00 4.504054148628788140e-02 1.491721854304635664e-01
1.293638869870612398e+06 8.846295332711299197e-01 1.127577571738565432e+00 2.682436688295457977e-02 8.884105960264900015e-02
1.001227777169508743e+06 8.070679903056785509e-01 1.012691983749614444e+00 2.311014686915747671e-02 7.653973509933774400e-02
9.451173897090202663e+05 7.822954034638169851e-01 9.757545139959215019e-01 2.185041141360314493e-02 7.236754966887416762e-02
9.246142862203909317e+05 7.714001731169127796e-01 9.599988689088883032e-01 1.993581347916937446e-02 6.602649006622517136e-02
9.151390452160987770e+05 7.658228497257613121e-01 9.520634929778584166e-01 1.944591635756491230e-02 6.440397350993377901e-02
9.101140556613191729e+05 7.626415694976292903e-01 9.475658742284378544e-01 1.909598984213315212e-02 6.324503311258278249e-02
9.071699136261746753e+05 7.606304797762265535e-01 9.447619774860203101e-01 1.875606122714229898e-02 6.211920529801324281e-02
9.052994629147850210e+05 7.592505143429393311e-01 9.428605568136472215e-01 1.837614101038781769e-02 6.086092715231788269e-02
9.040249997857166454e+05 7.582289251126552720e-01 9.414665644831941016e-01 1.695643914777896638e-02 5.615894039735099680e-02
9.031011388856548583e+05 7.574127349568567924e-01 9.403678372544549413e-01 1.676647903940172574e-02 5.552980132450330980e-02
9.023937987226499245e+05 7.567223217074907637e-01 9.394438318881723760e-01 1.672648743763809759e-02 5.539735099337748242e-02
9.018259523402204504e+05 7.561047151139858036e-01 9.386231507510530703e-01 1.671648953719718708e-02 5.536423841059602557e-02
9.013514754441226833e+05 7.555269070449501800e-01 9.378624203765700829e-01 1.672148848741764060e-02 5.538079470198675747e-02
9.009417978494070703e+05 7.549676266217253406e-01 9.371351904642306607e-01 1.674648323851991166e-02 5.546357615894039611e-02
9.005787575902746757e+05 7.544191961898937260e-01 9.364257862713107894e-01 1.683646434248807847e-02 5.576158940397350772e-02
9.002506062722231727e+05 7.538745286635160081e-01 9.357257002659883360e-01 1.701642655042441207e-02 5.635761589403973787e-02
8.999496773462250130e+05 7.533315923539293246e-01 9.350313180708954564e-01 1.714639925615620702e-02 5.678807947019867686e-02
8.996709616731948918e+05 7.527897601257573790e-01 9.343423627864080316e-01 1.717139400725847462e-02 5.687086092715231550e-02
8.994111960546317277e+05 7.522505801296047734e-01 9.336607455380665499e-01 1.656652103058357806e-02 5.486754966887417290e-02
8.991682554430929013e+05 7.517173016493907678e-01 9.329896719557749796e-01 1.570170264244508812e-02 5.200331125827814538e-02
8.989407362483780598e+05 7.511949402892332817e-01 9.323329390538086514e-01 1.577168794553143738e-02 5.223509933774834330e-02
8.987276685707594734e+05 7.506847359456880753e-01 9.316943967206098298e-01 1.596164805390867802e-02 5.286423841059602335e-02
8.985283207949709613e+05 7.501895973140767504e-01 9.310775613078298152e-01 1.602663440677457724e-02 5.307947019867549632e-02
8.983420725316827884e+05 7.497132761579610172e-01 9.304853681529487996e-01 1.602163545655412372e-02 5.306291390728477136e-02
8.981683380591899622e+05 7.492586279620817580e-01 9.299200440829096248e-01 1.589166275082232876e-02 5.263245033112582544e-02
8.980065259077536175e+05 7.488263624280364628e-01 9.293830755987820824e-01 1.557672888693374322e-02 5.158940397350993134e-02
8.978560228561627446e+05 7.484172290616044609e-01 9.288752461864249188e-01 1.505183911378610469e-02 4.985099337748344350e-02
8.977161930627933471e+05 7.480315889599219448e-01 9.283967174487821605e-01 1.488687375651113337e-02 4.930463576158940209e-02
8.975863854096159339e+05 7.476681518623763401e-01 9.279471326174153489e-01 1.486187900540886404e-02 4.922185430463576344e-02
8.974659442720018560e+05 7.473272309620635490e-01 9.275257261412315213e-01 1.489687165695204041e-02 4.933774834437085893e-02
8.973542206903172191e+05 7.470084590209488118e-01 9.271314282835479981e-01 1.499685066136111425e-02 4.966887417218542738e-02
8.972505822623120621e+05 7.467103847403204764e-01 9.267629582062792970e-01 1.508183281510882753e-02 4.995033112582781404e-02
8.971544210017825244e+05 7.464310875162354364e-01 9.264189025280875622e-01 1.513182231731336445e-02 5.011589403973509826e-02
8.970651589967686450e+05 7.461703854799189850e-01 9.260977787756261570e-01 1.516181601863608557e-02 5.021523178807946880e-02
8.969822520294153364e+05 7.459269889433327583e-01 9.257980846503769401e-01 1.523180132172243829e-02 5.044701986754966672e-02
8.969051914737585466e+05 7.456999072254570926e-01 9.255183348266037280e-01 1.519180971995880841e-02 5.031456953642383934e-02
8.968335048323792871e+05 7.454876499397162792e-01 9.252570872974273941e-01 1.525679607282470762e-02 5.052980132450331230e-02
8.967667552563779755e+05 7.452892667060031506e-01 9.250129612794514289e-01 1.527679187370652170e-02 5.059602649006622599e-02
8.967045403475484345e+05 7.451041917526958214e-01 9.247846485088252466e-01 1.532178242569060510e-02 5.074503311258277832e-02
8.966464904861774994e+05 7.449307562672469185e-01 9.245709195067889352e-01 1.539676667899741135e-02 5.099337748344370813e-02
8.965922668745111441e+05 7.447680703022737658e-01 9.243706261191925178e-01 1.541676247987922542e-02 5.105960264900662182e-02
8.965415594370301114e+05 7.446151994285290510e-01 9.241827013753971531e-01 1.546175303186330882e-02 5.120860927152318109e-02
8.964940846805293113e+05 7.444713114678400689e-01 9.240061574835685132e-01 1.545675408164285530e-02 5.119205298013244920e-02
8.964495835846744012e+05 7.443358053121742479e-01 9.238400825872005173e-01 1.547175093230421586e-02 5.124172185430463794e-02
8.964078195711773587e+05 7.442081900621871915e-01 9.236836367513588941e-01 1.535677507723378146e-02 5.086092715231788075e-02
8.963685765797272325e+05 7.440878242924698904e-01 9.235360475230850463e-01 1.504684016356565117e-02 4.983443708609271855e-02
8.963316572680277750e+05 7.439740381147369463e-01 9.233966053139598396e-01 1.451695144019755912e-02 4.807947019867549882e-02
8.962968813432349125e+05 7.438664198490075874e-01 9.232646587791095705e-01 1.399206166704991885e-02 4.634105960264900403e-02
8.962640840254686773e+05 7.437643861397292833e-01 9.231396103114026808e-01 1.382709630977494754e-02 4.579470198675496956e-02
8.962331146403038874e+05 7.436674738235558024e-01 9.230209117283825204e-01 1.380210155867267821e-02 4.571192052980132398e-02
8.962038353350805119e+05 7.435755298398275537e-01 9.229080601992880606e-01 1.378210575779086414e-02 4.564569536423841029e-02
8.961761199108955916e+05 7.434880120098054102e-01 9.228005944377848380e-01 1.380210155867267821e-02 4.571192052980132398e-02
8.961498527624860872e+05 7.434045680818851531e-01 9.226980911706139654e-01 1.378710470801131766e-02 4.566225165562914218e-02
8.961249279178343713e+05 7.433249222568613090e-01 9.226001618817158967e-01 1.376210995690904833e-02 4.557947019867549659e-02
8.961012481686061947e+05 7.432487784221569749e-01 9.225064498242138145e-01 1.380710050889313173e-02 4.572847682119205587e-02
8.960787242838933598e+05 7.431760505900871783e-01 9.224166272880326423e-01 1.382709630977494754e-02 4.579470198675496956e-02
8.960572742994355503e+05 7.431062999219900655e-01 9.223303931081640039e-01 1.385709001109766865e-02 4.589403973509934009e-02
8.960368228751431452e+05 7.430392791532142160e-01 9.222474703971297316e-01 1.386708791153857742e-02 4.592715231788079694e-02
8.960173007144163130e+05 7.429748772272269930e-01 9.221676044846682796e-01 1.388208476219993798e-02 4.597682119205297874e-02
8.959986440392679069e+05 7.429128372256883495e-01 9.220905610477595493e-01 1.389208266264084501e-02 4.600993377483443558e-02
8.959807941156044835e+05 7.428530127502737113e-01 9.220161244146219959e-01 1.388708371242039150e-02 4.599337748344371063e-02
8.959636968236973044e+05 7.427952462345488449e-01 9.219440960270962604e-01 1.389708161286129853e-02 4.602649006622516747e-02
8.959473022696083644e+05 7.427393766267744724e-01 9.218742930467677121e-01 1.381709840933404050e-02 4.576158940397351271e-02
8.959315644323601155e+05 7.426851703655932280e-01 9.218065470911908088e-01 1.366213095249997449e-02 4.524834437086092814e-02
8.959164408452352509e+05 7.426326298448191476e-01 9.217407030876295648e-01 1.348716769478409613e-02 4.466887417218542988e-02
8.959018923052106984e+05 7.425815945831717446e-01 9.216766182327490453e-01 1.322222333310004924e-02 4.379139072847682002e-02
8.958878826099691214e+05 7.425319319521542782e-01 9.216141610476940027e-01 1.264734405774787379e-02 4.188741721854304795e-02
8.958743783180839382e+05 7.424835268667292487e-01 9.215532105189342404e-01 1.223243118945021614e-02 4.051324503311258540e-02
8.958613485308543313e+05 7.424362787172956724e-01 9.214936553161475752e-01 1.185750992291618837e-02 3.927152317880795024e-02
8.958487646932848729e+05 7.423901218988858686e-01 9.214353930792326119e-01 1.152757920836624227e-02 3.817880794701986741e-02
8.958366004123688908e+05 7.423451007715108352e-01 9.213783297673080463e-01 1.096269783345497385e-02 3.630794701986755219e-02
8.958248312910519307e+05 7.423010645214147551e-01 9.213223790632651955e-01 1.062776816868457597e-02 3.519867549668874440e-02
8.958134347758368822e+05 7.422578955959265867e-01 9.212674618280694006e-01 1.007788364443466811e-02 3.337748344370861098e-02
8.958023900173496222e+05 7.422155387837086060e-01 9.212135055996035771e-01 9.767948730766539550e-03 3.235099337748344184e-02
8.957916777418438578e+05 7.421740059520970378e-01 9.211604441313823166e-01 9.582987572609752425e-03 3.173841059602648673e-02
8.957812801335339900e+05 7.421331465792708748e-01 9.211082169669467801e-01 9.513002269523399695e-03 3.150662251655628882e-02
8.957711807253154693e+05 7.420929487412181169e-01 9.210567690461981538e-01 9.473010667759769812e-03 3.137417218543046143e-02
8.957613642988121137e+05 7.420533888173738157e-01 9.210060503403284526e-01 9.418022215334779373e-03 3.119205298013244879e-02
8.957518167911667842e+05 7.420144141211276745e-01 9.209560155123763803e-01 9.383029563791603009e-03 3.107615894039734983e-02
8.957425252093577292e+05 7.419759729227521916e-01 9.209066236007596995e-01 9.388028514012058262e-03 3.109271523178807825e-02
8.957334775499410462e+05 7.419380202707073213e-01 9.208578377234458712e-01 9.333040061587066089e-03 3.091059602649006560e-02
8.957246627252685139e+05 7.419005610569197051e-01 9.208096248006890638e-01 9.303046360264344977e-03 3.081125827814569507e-02
8.957160704947785707e+05 7.418635500287015239e-01 9.207619552945105479e-01 9.318043210925705533e-03 3.086092715231788033e-02
8.957076914002884878e+05 7.418269499573951764e-01 9.207148029633188679e-01 9.313044260705252014e-03 3.084437086092715191e-02
8.956995167067630682e+05 7.417908326020034027e-01 9.206681446302739102e-01 9.313044260705252014e-03 3.084437086092715191e-02
8.956915383460108424e+05 7.417552024955441636e-01 9.206219599641727314e-01 9.353035862468881897e-03 3.097682119205297929e-02
8.956837488649245352e+05 7.417199420787383701e-01 9.205762312718024365e-01 9.343037962027974860e-03 3.094370860927152245e-02
8.956761413767938502e+05 7.416850397533917283e-01 9.205309433008451725e-01 9.348036912248428379e-03 3.096026490066225087e-02
8.956687095156356227e+05 7.416504975081708029e-01 9.204860830525593007e-01 9.338039011807519607e-03 3.092715231788079402e-02
8.956614473939070012e+05 7.416162920522245683e-01 9.204416396035596248e-01 9.318043210925705533e-03 3.086092715231788033e-02
8.956543495626356453e+05 7.415824462923624738e-01 9.203976039361412287e-01 9.288049509602982687e-03 3.076158940397350980e-02
8.956474109741719440e+05 7.415489185735082422e-01 9.203539687766560951e-01 9.308045310484798496e-03 3.082781456953642349e-02
8.956406269480457995e+05 7.415157345885164952e-01 9.203107284415521505e-01 9.293048459823437940e-03 3.077814569536423822e-02
8.956339931379436748e+05 7.414829033727589058e-01 9.202678786907293462e-01 9.283050559382529168e-03 3.074503311258278138e-02
8.956275055020203581e+05 7.414504699624979711e-01 9.202254165879364400e-01 9.208066306075724655e-03 3.049668874172185504e-02
8.956211602743758122e+05 7.414183440822404991e-01 9.201833403679733348e-01 9.173073654532548291e-03 3.038079470198675608e-02
8.956149539394424064e+05 7.413865132603342234e-01 9.201416493105034622e-01 9.108087301666650815e-03 3.016556291390728312e-02
8.956088832071823999e+05 7.413549745125324053e-01 9.201003436203091246e-01 9.113086251887104333e-03 3.018211920529801154e-02
8.956029449909965042e+05 7.413237401979804186e-01 9.200594243138481287e-01 9.073094650123474450e-03 3.004966887417218416e-02
