4.450292562090744264e+06 1.478277555957399070e+00 1.833156033120273642e+00 4.779996200797832773e-02 1.583112582781456834e-01
7.409983956374155823e+05 8.446284445481663239e-01 1.093114686526132306e+00 2.937883044560642143e-02 9.730132450331126226e-02
4.461037369091304718e+05 7.705471946416545537e-01 9.856394375977641786e-01 2.499975005248897611e-02 8.279801324503310855e-02
3.954200622641556547e+05 7.463203485226517220e-01 9.503371029044511697e-01 2.354505553833695017e-02 7.798013245033112717e-02
3.751817407581209554e+05 7.335723861583417493e-01 9.324561815612057991e-01 2.388498415332779984e-02 7.910596026490065991e-02
3.627788405900639482e+05 7.247002189047950793e-01 9.205008737318536305e-01 2.556963037762069804e-02 8.468543046357615567e-02
3.533065051181324525e+05 7.177329397700936697e-01 9.114463282772800046e-01 2.709930914507953370e-02 8.975165562913907380e-02
3.453697274303642916e+05 7.119618672573528873e-01 9.042285533080430815e-01 2.825406664600433812e-02 9.357615894039734983e-02
3.383816088926949305e+05 7.071478053660563701e-01 8.983136010466938881e-01 2.918387138700872727e-02 9.665562913907284337e-02
3.320423802215413307e+05 7.031062701433723472e-01 8.934220260592068419e-01 3.011867507823356993e-02 9.975165562913906880e-02
3.262084926181902410e+05 6.997071790994781049e-01 8.893972054384429171e-01 3.093350396416752468e-02 1.024503311258278121e-01
3.208101031695881975e+05 6.968748647466963542e-01 8.861237408829305551e-01 3.170334229811739429e-02 1.049999999999999961e-01
3.158039614256153000e+05 6.945460948193400430e-01 8.834962484900668045e-01 3.214324991751732474e-02 1.064569536423841112e-01
3.111571314594835276e+05 6.926265981480193012e-01 8.814187355549658598e-01 3.261315123823996937e-02 1.080132450331125760e-01
3.068448199039280298e+05 6.910754330231589915e-01 8.798086881689587413e-01 3.301306725587626473e-02 1.093377483443708637e-01
3.028485479593941709e+05 6.898331947641641593e-01 8.785955834726191238e-01 3.317303366293078426e-02 1.098675496688741732e-01
2.991523928740465199e+05 6.888469388834970175e-01 8.777171874287567066e-01 3.316803471271033421e-02 1.098509933774834413e-01
2.957399217362544150e+05 6.880758966738935722e-01 8.771174192349465715e-01 3.338298957218983898e-02 1.105629139072847739e-01
2.925930550866973354e+05 6.874750435229424195e-01 8.767460752162964388e-01 3.328800951800121866e-02 1.102483443708609234e-01
2.896923535033336957e+05 6.870305485960296332e-01 8.765592674944422402e-01 3.322802211535577643e-02 1.100496688741721824e-01
2.870178514174891752e+05 6.867118918127218530e-01 8.765197001947998556e-01 3.330800531888303273e-02 1.103145695364238371e-01
2.845498793511659023e+05 6.864967924412459510e-01 8.765964958355227932e-01 3.309305045940352796e-02 1.096026490066225184e-01
2.822696643620472169e+05 6.863760731763675071e-01 8.767646351758835443e-01 3.292308615190810139e-02 1.090397350993377451e-01
2.801596907572007622e+05 6.863230290660391475e-01 8.770041794840848226e-01 3.276311974485358186e-02 1.085099337748344356e-01
