2.686764248580794316e+06 8.555426515142872113e-01 1.099861265803655952e+00 2.304016156607112398e-02 7.630794701986755302e-02
7.030633949787379242e+05 7.618572654145386869e-01 9.601236803780465179e-01 1.870607172493776379e-02 6.195364238410595858e-02
6.509994368689182447e+05 7.457531625915214679e-01 9.364928603010098662e-01 1.643654832485177963e-02 5.443708609271523391e-02
6.377191207002867013e+05 7.383778578986472940e-01 9.263572156235819754e-01 1.614161026184501163e-02 5.346026490066225351e-02
6.311759573474281933e+05 7.325554036787809142e-01 9.188379122858107984e-01 1.636156407154497686e-02 5.418874172185430410e-02
6.267864708452741615e+05 7.274947176466860510e-01 9.125762743066511140e-01 1.632657142000179876e-02 5.407284768211920861e-02
6.235814686132752104e+05 7.233956374203663886e-01 9.075962647830841945e-01 1.748132892092660665e-02 5.789735099337748464e-02
6.211631151750136632e+05 7.200957407007576583e-01 9.036012956190576650e-01 1.856610111876505834e-02 6.149006622516556275e-02
6.192380651229892392e+05 7.172943488683540814e-01 9.001971162447230945e-01 1.934593735315583846e-02 6.407284768211921056e-02
6.176174676346934866e+05 7.147916390265567355e-01 8.971275825052600350e-01 1.974085442057168030e-02 6.538079470198675247e-02
6.162007389853958739e+05 7.124850306509349362e-01 8.942863553165586454e-01 1.967586806770578109e-02 6.516556291390727951e-02
6.149434756534713088e+05 7.103572206950242718e-01 8.916595089047909539e-01 1.905099929014906698e-02 6.309602649006622321e-02
6.138277489842164796e+05 7.084117116554491389e-01 8.892637766876333449e-01 1.844612631347417042e-02 6.109271523178808061e-02
6.128419592173628043e+05 7.066529920360685724e-01 8.871076708532169564e-01 1.794623129142880122e-02 5.943708609271523141e-02
6.119727906436377671e+05 7.050780067414645913e-01 8.851811712549717548e-01 1.754631527379250239e-02 5.811258278145695066e-02
6.112051309849489480e+05 7.036731687463115836e-01 8.834617272106480845e-01 1.733635936453344767e-02 5.741721854304635692e-02
6.105242024662377080e+05 7.024147939786918871e-01 8.819229572506790404e-01 1.743633836894252151e-02 5.774834437086092537e-02
6.099170126241819235e+05 7.012863154225869033e-01 8.805401548424097724e-01 1.767628797952430081e-02 5.854304635761589659e-02
6.093727628532537492e+05 7.002707222418651511e-01 8.792923842592155204e-01 1.780626068525609576e-02 5.897350993377483558e-02
6.088826640681446297e+05 6.993531128956758103e-01 8.781625978441099933e-01 1.801121764429469696e-02 5.965231788079470437e-02
6.084395565348878736e+05 6.985201991520912923e-01 8.771369683623077007e-01 1.822117355355375515e-02 6.034768211920529812e-02
6.080375331383062294e+05 6.977612048705726933e-01 8.762040801245939425e-01 1.848611791523779857e-02 6.122516556291390799e-02
6.076716354317157529e+05 6.970700403151188773e-01 8.753542432219253433e-01 1.867107907339458570e-02 6.183774834437086310e-02
6.073376316569288028e+05 6.964400478544461315e-01 8.745790006920122206e-01 1.885604023155137282e-02 6.245033112582781126e-02
6.070318634779672138e+05 6.958645451895620893e-01 8.738708136529230730e-01 1.896601713640135717e-02 6.281456953642383656e-02
6.067511425412837416e+05 6.953366887585874512e-01 8.732228796996074349e-01 1.905599824036952397e-02 6.311258278145695511e-02
6.064926794806463877e+05 6.948505759115711777e-01 8.726290366930252729e-01 1.916597514521950485e-02 6.347682119205297346e-02
6.062540321910496568e+05 6.944028199668783596e-01 8.720837127909519815e-01 1.922596254786494707e-02 6.367549668874172841e-02
6.060330647487464594e+05 6.939895811299536810e-01 8.715818958123109361e-01 1.921596464742404003e-02 6.364238410596026463e-02
6.058279120688221883e+05 6.936091340946015649e-01 8.711191062220851045e-01 1.927595205006948573e-02 6.384105960264900570e-02
6.056369479123058263e+05 6.932575438580549365e-01 8.706913663299168382e-01 1.931594365183311388e-02 6.397350993377483308e-02
6.054587553248623153e+05 6.929319732163332635e-01 8.702951635793290119e-01 1.923096149808540059e-02 6.369205298013244643e-02
6.052920993190509034e+05 6.926298677761789646e-01 8.699274086976909182e-01 1.925095729896721813e-02 6.375827814569536012e-02
6.051359019018508261e+05 6.923489665913847846e-01 8.695853907554151885e-01 1.924095939852631110e-02 6.372516556291391021e-02
6.049892196020509582e+05 6.920875776866455276e-01 8.692667314878665952e-01 1.919596884654222596e-02 6.357615894039735094e-02
6.048512235977532109e+05 6.918443584099838173e-01 8.689693410113047412e-01 1.911598564301496619e-02 6.331125827814569618e-02
6.047211824511882151e+05 6.916169744785761742e-01 8.686913765971537860e-01 1.912598354345587323e-02 6.334437086092714608e-02
6.045984473607941763e+05 6.914046765459209709e-01 8.684312056257791346e-01 1.918597094610131892e-02 6.354304635761588715e-02
6.044824397579354700e+05 6.912058821216383597e-01 8.681873733189298115e-01 1.922096359764449355e-02 6.365894039735099652e-02
6.043726410156531492e+05 6.910196497296843265e-01 8.679585754019963906e-01 1.928594995051039276e-02 6.387417218543046948e-02
6.042685840004292550e+05 6.908450454682769637e-01 8.677436354984098266e-01 1.928095100028993925e-02 6.385761589403973759e-02
6.041698461852120236e+05 6.906805561834786777e-01 8.675414868155583159e-01 1.931094470161266036e-02 6.395695364238410119e-02
6.040760440483450657e+05 6.905259635856126899e-01 8.673511575385974837e-01 1.935593525359674549e-02 6.410596026490066046e-02
6.039868285051845014e+05 6.903796384096655414e-01 8.671717592911482031e-01 1.939092790513992012e-02 6.422185430463575595e-02
6.039018811496900162e+05 6.902412926024952267e-01 8.670024780311694768e-01 1.941592265624218772e-02 6.430463576158940153e-02
6.038209111197724706e+05 6.901108648168891024e-01 8.668425668058861167e-01 1.942592055668309822e-02 6.433774834437086532e-02
6.037436524362983182e+05 6.899877087897615668e-01 8.666913398724642725e-01 1.947091110866717989e-02 6.448675496688741071e-02
6.036698617000781232e+05 6.898709415625891017e-01 8.665481677851565312e-01 1.952090061087171854e-02 6.465231788079470188e-02
6.035993160596699454e+05 6.897600923632903891e-01 8.664124731428370918e-01 1.952589956109217206e-02 6.466887417218543377e-02
6.035318113893012051e+05 6.896546809745701667e-01 8.662837267752729886e-01 1.958088801351716077e-02 6.485099337748344295e-02
6.034671606327198679e+05 6.895546435715631528e-01 8.661614442177515416e-01 1.959588486417852132e-02 6.490066225165562475e-02
6.034051922850128030e+05 6.894594929124988614e-01 8.660451823802629567e-01 1.957089011307625373e-02 6.481788079470199304e-02
6.033457489940372761e+05 6.893688744706141236e-01 8.659345363597567014e-01 1.956089221263534669e-02 6.478476821192052926e-02
6.032886862688318361e+05 6.892827483877678185e-01 8.658291363736193569e-01 1.950590376021035452e-02 6.460264900662252008e-02
6.032338712882504333e+05 6.892008597583592078e-01 8.657286448116713329e-01 1.943091950690355174e-02 6.435430463576158333e-02
6.031811818040142534e+05 6.891226910953289764e-01 8.656327534149145242e-01 1.940592475580128068e-02 6.427152317880795163e-02
6.031305051341195358e+05 6.890475858759663730e-01 8.655411805941642944e-01 1.942092160646264123e-02 6.432119205298013342e-02
6.030817372432510601e+05 6.889755797621014421e-01 8.654536689024121543e-01 1.936093420381719901e-02 6.412251655629139235e-02
6.030347819060087204e+05 6.889064828574271715e-01 8.653699826728217248e-01 1.936593315403765253e-02 6.413907284768212425e-02
6.029895499487428460e+05 6.888402976344459860e-01 8.652899058308185509e-01 1.934593735315583846e-02 6.407284768211921056e-02
6.029459585656223353e+05 6.887768664619435821e-01 8.652132398846720251e-01 1.933094050249447443e-02 6.402317880794701488e-02
6.029039307036402170e+05 6.887162094664222023e-01 8.651398020948679601e-01 1.928594995051039276e-02 6.387417218543046948e-02
6.028633945120720891e+05 6.886581533398076216e-01 8.650694238188385565e-01 1.924095939852631110e-02 6.372516556291391021e-02
6.028242828500225442e+05 6.886023730641964713e-01 8.650019490244509335e-01 1.922096359764449355e-02 6.365894039735099652e-02
6.027865328479072778e+05 6.885486342497281198e-01 8.649372329631971335e-01 1.916097619499905133e-02 6.346026490066225545e-02
6.027500855166115798e+05 6.884969585256851543e-01 8.648751409922437183e-01 1.908599194169224508e-02 6.321192052980131870e-02
6.027148854004379828e+05 6.884475091393853496e-01 8.648155475333890729e-01 1.907099509103088453e-02 6.316225165562913690e-02
6.026808802678456996e+05 6.884000959312154277e-01 8.647583351564365195e-01 1.905099929014906698e-02 6.309602649006622321e-02
6.026480208369864849e+05 6.883545131813387785e-01 8.647033937744365018e-01 1.895601923596044666e-02 6.278145695364238665e-02
6.026162605309869396e+05 6.883105293561342375e-01 8.646506199385767255e-01 1.893602343507863259e-02 6.271523178807947296e-02
6.025855552599476650e+05 6.882681599207477463e-01 8.645999162211036593e-01 1.891102868397636499e-02 6.263245033112582738e-02
6.025558632262401516e+05 6.882273055946487306e-01 8.645511906754703713e-01 1.882604653022865171e-02 6.235099337748344073e-02
6.025271447504987009e+05 6.881881742610336250e-01 8.645043563638133977e-01 1.876605912758320602e-02 6.215231788079469966e-02
6.024993621150489198e+05 6.881504447113678813e-01 8.644593309428453276e-01 1.868107697383549620e-02 6.187086092715231994e-02
6.024724794239769690e+05 6.881140461397093899e-01 8.644160363002242331e-01 1.861109167074914347e-02 6.163907284768212202e-02
6.024464624761034502e+05 6.880791410652226103e-01 8.643743982344067600e-01 1.858109796942641889e-02 6.153973509933775149e-02
6.024212786511735758e+05 6.880457128695481872e-01 8.643343461718914211e-01 1.851611161656052315e-02 6.132450331125827853e-02
6.023968968059087638e+05 6.880135763248824698e-01 8.642958129165649872e-01 1.847612001479689153e-02 6.119205298013245115e-02
6.023732871804935858e+05 6.879826062573382028e-01 8.642587344266156046e-01 1.843112946281280987e-02 6.104304635761589187e-02
6.023504213129485724e+05 6.879527968832145346e-01 8.642230496151186436e-01 1.842613051259235635e-02 6.102649006622516692e-02
6.023282719612118090e+05 6.879240820828688152e-01 8.641887001709862570e-01 1.837614101038781769e-02 6.086092715231788269e-02
6.023068130320599303e+05 6.878965760283501929e-01 8.641556303974595732e-01 1.829615780686055793e-02 6.059602649006622793e-02
6.022860195161205484e+05 6.878701036568631855e-01 8.641237870657535458e-01 1.825116725487647626e-02 6.044701986754966866e-02
6.022658674279181287e+05 6.878446000807126870e-01 8.640931192818240847e-01 1.818618090201057705e-02 6.023178807947019570e-02
6.022463337513025617e+05 6.878200531943907681e-01 8.640635783645410628e-01 1.814119035002649538e-02 6.008278145695364336e-02
6.022273963888027938e+05 6.877965582369938158e-01 8.640351177338037036e-01 1.810119874826286376e-02 5.995033112582781598e-02
6.022090341150426539e+05 6.877739276751823061e-01 8.640076928073575635e-01 1.810619769848331728e-02 5.996688741721854093e-02
6.021912265338444849e+05 6.877522067100811931e-01 8.639812609052582859e-01 1.809120084782195673e-02 5.991721854304635914e-02
6.021739540383724961e+05 6.877311829623049544e-01 8.639557811610731886e-01 1.804621029583787506e-02 5.976821192052979986e-02
6.021571977740300354e+05 6.877109227933468905e-01 8.639312144390564052e-01 1.798622289319242937e-02 5.956953642384105879e-02
6.021409396043478046e+05 6.876912685482143850e-01 8.639075232566276741e-01 1.791123863988562312e-02 5.932119205298012898e-02
6.021251620788233122e+05 6.876722777545822840e-01 8.638846717115897800e-01 1.785125123724018090e-02 5.912251655629138791e-02
6.021098484030456748e+05 6.876539608909231216e-01 8.638626254135890470e-01 1.784125333679927386e-02 5.908940397350993107e-02
6.020949824106983142e+05 6.876362454014499637e-01 8.638413514193988840e-01 1.782625648613790983e-02 5.903973509933774927e-02
6.020805485374280252e+05 6.876190129341245294e-01 8.638208181716572343e-01 1.776626908349246761e-02 5.884105960264900820e-02
6.020665317960532848e+05 6.876022851852514606e-01 8.638009954407387392e-01 1.773127643194928951e-02 5.872516556291390577e-02
6.020529177533944603e+05 6.875860685192968225e-01 8.637818542694869484e-01 1.769628378040611488e-02 5.860927152317881028e-02
6.020396925081628142e+05 6.875703171676584846e-01 8.637633669205664333e-01 1.763129742754021567e-02 5.839403973509933732e-02
6.020268426703738514e+05 6.875550416009014176e-01 8.637455068262245295e-01 1.758630687555613401e-02 5.824503311258277805e-02
6.020143553414766211e+05 6.875402775371731723e-01 8.637282485402808518e-01 1.757131002489477345e-02 5.819536423841059625e-02
