5.649000961447355337e+06 3.578785297159344569e+00 3.749536034853263811e+00 2.224532848101898590e-03 7.367549668874172342e-03
5.636693105340028182e+06 3.570885629829934960e+00 3.741458447788611696e+00 3.754211615560732081e-03 1.243377483443708527e-02
5.503504260080954991e+06 3.437604205414540370e+00 3.609063353541883679e+00 4.200617870247248115e-02 1.391225165562914035e-01
4.326897675675150938e+06 2.463594066143435235e+00 2.745761926724990420e+00 5.284890173063656882e-02 1.750331125827814527e-01
2.336977233349216636e+06 1.599775818893329316e+00 1.958697520044246465e+00 4.909469011507583414e-02 1.625993377483443691e-01
1.476285373515138868e+06 1.238983277248156156e+00 1.581416498130639559e+00 4.206616610511792337e-02 1.393211920529801306e-01
1.130017494187810225e+06 1.062442162614813057e+00 1.375937925759644243e+00 3.590246048329850947e-02 1.189072847682119266e-01
9.596746685504453490e+05 9.648862282048830119e-01 1.252147279753708986e+00 3.299807040521490764e-02 1.092880794701986819e-01
8.631096750230090693e+05 9.053582745620012417e-01 1.171777862343575283e+00 3.079853230821527621e-02 1.020033112582781482e-01
8.027220413799246307e+05 8.662294213054270164e-01 1.116642978817762089e+00 2.862398896231791237e-02 9.480132450331126004e-02
7.622335367136955028e+05 8.390565030239391930e-01 1.077209775496961619e+00 2.693934273802501417e-02 8.922185430463576428e-02
7.336526873337745201e+05 8.193923449090908528e-01 1.048071534447049480e+00 2.568960518291158943e-02 8.508278145695363781e-02
7.126645282550806878e+05 8.046270811387540300e-01 1.025965769126577776e+00 2.479479309345037491e-02 8.211920529801323976e-02
6.967624289375494700e+05 7.932499629834873778e-01 1.008824703468430561e+00 2.379000409913917952e-02 7.879139072847682335e-02
6.844039539522026898e+05 7.842999973455934137e-01 9.952846236125639789e-01 2.278521510482798759e-02 7.546357615894039306e-02
6.745948884418292437e+05 7.770997028083735936e-01 9.844161396856939694e-01 2.203537257175993205e-02 7.298013245033112273e-02
6.666694322857309598e+05 7.712348756511847592e-01 9.755681430642176855e-01 2.126553423781005897e-02 7.043046357615893871e-02
6.601672217971610371e+05 7.663962847570748860e-01 9.682736161529910124e-01 2.069065496245788352e-02 6.852649006622515970e-02
6.547611706881994614e+05 7.623455242152028521e-01 9.621906927189044501e-01 2.036072424790794089e-02 6.743377483443709075e-02
6.502133888002482709e+05 7.589158217884410806e-01 9.570646192508659444e-01 2.003079353335799478e-02 6.634105960264900792e-02
6.463473059464748949e+05 7.559779634762082701e-01 9.527025398753926622e-01 1.976085022145349437e-02 6.544701986754966616e-02
6.430295070283965906e+05 7.534502377234850723e-01 9.489563868005803648e-01 1.952589956109217206e-02 6.466887417218543377e-02
6.401575807563629933e+05 7.512549115223671192e-01 9.457110297263120469e-01 1.911598564301496619e-02 6.331125827814569618e-02
6.376518010838988703e+05 7.493238119373222261e-01 9.428759169099671933e-01 1.840113576149008875e-02 6.094370860927152134e-02
6.354493144938263576e+05 7.476171551263414150e-01 9.403790824269357973e-01 1.786124913768108793e-02 5.915562913907284476e-02
6.335000032745976932e+05 7.460912473850849214e-01 9.381627865333902472e-01 1.761630057687885512e-02 5.834437086092715552e-02
6.317634927939807530e+05 7.447218428733883844e-01 9.361803018760702644e-01 1.751632157246978128e-02 5.801324503311258013e-02
6.302069540812517516e+05 7.434787582923804150e-01 9.343935157567543337e-01 1.736635306585616878e-02 5.751655629139072745e-02
6.288034685470142867e+05 7.423386567607185293e-01 9.327711215312679549e-01 1.729636776276981952e-02 5.728476821192052953e-02
6.275307960533341393e+05 7.412860252762836222e-01 9.312872406369531175e-01 1.731136461343118008e-02 5.733443708609271827e-02
6.263704363850768423e+05 7.403067735696783336e-01 9.299203629785962599e-01 1.733635936453344767e-02 5.741721854304635692e-02
6.253069068202029448e+05 7.393895509097410113e-01 9.286525251116247714e-01 1.732136251387208711e-02 5.736754966887417512e-02
6.243271806711463723e+05 7.385265176445143798e-01 9.274686677022616621e-01 1.735135621519480822e-02 5.746688741721854565e-02
6.234202469646094833e+05 7.377110245236004893e-01 9.263561292584133744e-01 1.738634886673798632e-02 5.758278145695364114e-02
6.225767621233778773e+05 7.369332614811600068e-01 9.253042441756673675e-01 1.743633836894252151e-02 5.774834437086092537e-02
6.217887720910884673e+05 7.361875565150511891e-01 9.243040211054391886e-01 1.756131212445386641e-02 5.816225165562913940e-02
6.210494887821413577e+05 7.354674275458179533e-01 9.233478834564928794e-01 1.766629007908339377e-02 5.850993377483443975e-02
6.203531086879364448e+05 7.347709287971659897e-01 9.224294581224831147e-01 1.774627328261065007e-02 5.877483443708609451e-02
6.196946643786843633e+05 7.340944170447751826e-01 9.215434017263731681e-01 1.790124073944471608e-02 5.928807947019867214e-02
6.190699018028364517e+05 7.334364014673907528e-01 9.206852560939857710e-01 1.793623339098789418e-02 5.940397350993377457e-02
6.184751779179925798e+05 7.327942692127558111e-01 9.198513265285153118e-01 1.793623339098789418e-02 5.940397350993377457e-02
6.179073744322349085e+05 7.321655668836027919e-01 9.190385779066538863e-01 1.802621449495605752e-02 5.970198675496688617e-02
6.173638243944500573e+05 7.315469532837122202e-01 9.182445447611067291e-01 1.815118825046740242e-02 6.011589403973510021e-02
6.168422491218558280e+05 7.309379781348114280e-01 9.174672524276360486e-01 1.826116515531738330e-02 6.048013245033112550e-02
6.163407035383388866e+05 7.303371464690895376e-01 9.167051470685242398e-01 1.838113996060827121e-02 6.087748344370860765e-02
6.158575284575193655e+05 7.297451042034543978e-01 9.159570329735100547e-01 1.848611791523779857e-02 6.122516556291390799e-02
6.153913087051659822e+05 7.291625885349363179e-01 9.152220160079398426e-01 1.861109167074914347e-02 6.163907284768212202e-02
6.149408362513568718e+05 7.285863962325087595e-01 9.144994524430867244e-01 1.867107907339458570e-02 6.183774834437086310e-02
6.145050777341387002e+05 7.280179354762025268e-01 9.137889026782191060e-01 1.870607172493776379e-02 6.195364238410595858e-02
6.140831459085480310e+05 7.274568667258449750e-01 9.130900895589818544e-01 1.876106017736275250e-02 6.213576158940397470e-02
6.136742746612045448e+05 7.269043381405384530e-01 9.124028611224488383e-01 1.879105387868547708e-02 6.223509933774834524e-02
6.132777973009623820e+05 7.263590589180438650e-01 9.117271576665092470e-01 1.887103708221273685e-02 6.250000000000000000e-02
6.128931278741015121e+05 7.258217080028446233e-01 9.110629830614180857e-01 1.895601923596044666e-02 6.278145695364238665e-02
6.125197452722699381e+05 7.252934440214841016e-01 9.104103802059934081e-01 1.900600873816498532e-02 6.294701986754966394e-02
6.121571799050339032e+05 7.247737117026719078e-01 9.097694104916913549e-01 1.905099929014906698e-02 6.309602649006622321e-02
6.118050027061464498e+05 7.242619729356313263e-01 9.091401370854692576e-01 1.905099929014906698e-02 6.309602649006622321e-02
6.114628162348930491e+05 7.237585683315894691e-01 9.085226117865092821e-01 1.910598774257405916e-02 6.327814569536423239e-02
6.111302476316731190e+05 7.232636994721698409e-01 9.079168651602473883e-01 1.924595834874676462e-02 6.374172185430464210e-02
6.108069431825057836e+05 7.227769657878184706e-01 9.073228996113813505e-01 1.934593735315583846e-02 6.407284768211921056e-02
6.104925642549551558e+05 7.222991070668873803e-01 9.067406850291052089e-01 1.943591845712400526e-02 6.437086092715231522e-02
6.101867843749300810e+05 7.218302980562765203e-01 9.061701566242097439e-01 1.953589746153307910e-02 6.470198675496688367e-02
6.098892872312517138e+05 7.213705780862520456e-01 9.056112145786850975e-01 1.963587646594215294e-02 6.503311258278145213e-02
6.095997654121138621e+05 7.209194844678205039e-01 9.050637251425256435e-01 1.982583657431939358e-02 6.566225165562913912e-02
6.093179197015551617e+05 7.204768264268901490e-01 9.045275228372141596e-01 1.990082082762619983e-02 6.591059602649006199e-02
6.090434587865895592e+05 7.200433863145367930e-01 9.040024134580412207e-01 2.003579248357844830e-02 6.635761589403973981e-02
6.087760992498653941e+05 7.196192783173687157e-01 9.034881776051121305e-01 2.013577148798752214e-02 6.668874172185430826e-02
6.085155657456247136e+05 7.192047673900127114e-01 9.029845745129665424e-01 2.023575049239659598e-02 6.701986754966887672e-02
6.082615912778981728e+05 7.187988617340272945e-01 9.024913459888380673e-01 2.028573999460113464e-02 6.718543046357615400e-02
6.080139175191988470e+05 7.184009059662413987e-01 9.020082203079700101e-01 2.039071794923066200e-02 6.753311258278145435e-02
6.077722951235478977e+05 7.180106001228850898e-01 9.015349159497068054e-01 2.044570640165565070e-02 6.771523178807946353e-02
6.075364840027781902e+05 7.176287014369495676e-01 9.010711450895012575e-01 2.050069485408064288e-02 6.789735099337748658e-02
6.073062535445321118e+05 7.172551259156917380e-01 9.006166167890882202e-01 2.058567700782835616e-02 6.817880794701987324e-02
6.070813827607420972e+05 7.168894867182606934e-01 9.001710398497669852e-01 2.070565181311924408e-02 6.857615894039735538e-02
6.068616603612137260e+05 7.165313756825507641e-01 8.997341253121999838e-01 2.079563291708741088e-02 6.887417218543046005e-02
6.066468847521797288e+05 7.161800710167364192e-01 8.993055886006742217e-01 2.092560562281920930e-02 6.930463576158940597e-02
6.064368639634189894e+05 7.158351106517097939e-01 8.988851513208414579e-01 2.103058357744873666e-02 6.965231788079470632e-02
6.062314155092790024e+05 7.154971527931025532e-01 8.984725427280197962e-01 2.108557202987372536e-02 6.983443708609271550e-02
6.060303661914452678e+05 7.151656384503620734e-01 8.980675008886985777e-01 2.119054998450325272e-02 7.018211920529801584e-02
6.058335518505767686e+05 7.148403914579286589e-01 8.976697735613886620e-01 2.130552583957369059e-02 7.056291390728476609e-02
6.056408170754855964e+05 7.145209198540566353e-01 8.972791188248553373e-01 2.135051639155777226e-02 7.071192052980132536e-02
6.054520148773601977e+05 7.142066218282506762e-01 8.968953054823655124e-01 2.141050379420321795e-02 7.091059602649006643e-02
6.052670063373479061e+05 7.138973858868128408e-01 8.965181132702868538e-01 2.148048909728957068e-02 7.114238410596027129e-02
6.050856602339888923e+05 7.135932288501620757e-01 8.961473328983382558e-01 2.159046600213955155e-02 7.150662251655628965e-02
6.049078526566292858e+05 7.132942646824080857e-01 8.957827659473267534e-01 2.163545655412363322e-02 7.165562913907284892e-02
6.047334666119026951e+05 7.130003878601310907e-01 8.954242246484030998e-01 2.172043870787134651e-02 7.193708609271523557e-02
6.045623916272420902e+05 7.127115093215038444e-01 8.950715315658993587e-01 2.180542086161905979e-02 7.221854304635762223e-02
6.043945233559842454e+05 7.124273444006393730e-01 8.947245192037601713e-01 2.185541036382359845e-02 7.238410596026489952e-02
6.042297631887970492e+05 7.121475146542004531e-01 8.943830295535065700e-01 2.189540196558722659e-02 7.251655629139072690e-02
6.040680178736690432e+05 7.118719937068712644e-01 8.940469135996567118e-01 2.195538936823267229e-02 7.271523178807946797e-02
6.039091991478559794e+05 7.116004921969121266e-01 8.937160307965740236e-01 2.202537467131902155e-02 7.294701986754967282e-02
6.037532233834970975e+05 7.113336013950093406e-01 8.933902485288623962e-01 2.206036732286219965e-02 7.306291390728476831e-02
6.036000112492823973e+05 7.110709637891232671e-01 8.930694415657084440e-01 2.212535367572809539e-02 7.327814569536424127e-02
6.034494873884504195e+05 7.108123548470510755e-01 8.927534915179499153e-01 2.214035052638945941e-02 7.332781456953642307e-02
6.033015801152905915e+05 7.105575692814654065e-01 8.924422863051867383e-01 2.221033582947580867e-02 7.355960264900662793e-02
6.031562211298124166e+05 7.103064878590039655e-01 8.921357196388886024e-01 2.226532428190080085e-02 7.374172185430463711e-02
6.030133452508132905e+05 7.100595905031560351e-01 8.918336905262487235e-01 2.227532218234170788e-02 7.377483443708608701e-02
6.028728901683773147e+05 7.098164232637450555e-01 8.915361027984315401e-01 2.233530958498715357e-02 7.397350993377482808e-02
6.027347962143577170e+05 7.095771778355269843e-01 8.912428646658916431e-01 2.239029803741214228e-02 7.415562913907285114e-02
6.025990061510372907e+05 7.093414060093850004e-01 8.909538883025942546e-01 2.241029383829395982e-02 7.422185430463576483e-02
6.024654649772751145e+05 7.091089984209640873e-01 8.906690894602120601e-01 2.248527809160076260e-02 7.447019867549668770e-02
